5616
-19259
-1960
20758
13377
20758
-1960
-19259
6688
340
-11419
-1840
0
-1840
-11419
340
6688
-19259
-1960
20758
13377
20758
-1960
-19259
6688
340
-11419
-1840
0
-1840
-11419
340
6688
-19259
-1960
20758
13377
20758
-1960
-19259
6688
340
-11419
-1840
0
-1840
-11419
340
6688
-19259
-1960
20758
13377
20758
-1960
-19259
6688
340
-11419
-1840
0
-1840
-11419
340
6688
-19259
-1960
20758
13377
20758
-1960
-19259
6688
340
-11419
-1840
0
-1840
-11419
340
6688
-19259
-1960
20758
13377
20758
-1960
-19259
6688
340
-11419
-1840
0
-1840
-11419
340
6688
-19259
-1960
20758
13377
20758
-1960
-19259
6688
340
-11419
-1840
0
-1840
-11419
340
6688
-19259
-1960
20758
13377
20758
-1960
-19259
6688
340
-11419
-1840
0
-1840
-11419
340
6688
-19259
-1960
20758
13377
20758
-1960
-19259
6688
340
-11419
-1840
0
-1840
-11419
340
6688
-19259
-1960
20758
13377
20758
-1960
-19259
6688
340
-11419
-1840
0
-1840
-11419
340
-8016
1786
13336
-13362
-409
10916
-18515
-17724
-5096
-8210
-8770
10114
11955
-19088
-8319
5368
9088
17338
-3270
8531
3559
-19893
143
7755
14183
-5572
-16742
8699
3069
14080
5780
-745
22720
-745
5780
14080
3069
8699
-16742
-5572
14183
7755
143
-19893
3559
8531
-3270
17338
9088
5368
-8319
-19088
11955
10114
-8770
-8210
-5096
-17724
-18515
10916
-409
-13362
13336
1786
-22721
1786
13336
-13362
-409
10916
-18515
-17724
-5096
-8210
-8770
10114
11955
-19088
-8319
5368
9088
17338
-3270
8531
3559
-19893
143
7755
14183
-5572
-16742
8699
3069
14080
5780
-745
22720
-745
5780
14080
3069
8699
-16742
-5572
14183
7755
143
-19893
3559
8531
-3270
17338
9088
5368
-8319
-19088
11955
10114
-8770
-8210
-5096
-17724
-18515
10916
-409
-13362
13336
1786
-22721
1786
13336
-13362
-409
10916
-18515
-17724
-5096
-8210
-8770
10114
11955
-19088
-8319
5368
9088
17338
-3270
8531
3559
-19893
143
7755
14183
-5572
-16742
8699
3069
14080
5780
-745
4544
8247
-5600
-21902
10216
11152
-1788
3413
0
4885
-1173
-16504
-4607
10162
11482
-1320
-13633
-1320
11482
10162
-4607
-16504
-1173
4885
0
3413
-1788
11152
10216
-21902
-5600
8247
-13633
3296
15503
4859
5298
-9089
-13036
-3781
0
15289
3142
-15206
7268
10819
-8534
-4327
4544
-4327
-8534
10819
7268
-15206
3142
15289
0
-3781
-13036
-9089
5298
4859
15503
3296
-13633
8247
-5600
-21902
10216
11152
-1788
3413
0
4885
-1173
-16504
-4607
10162
11482
-1320
-10409
7489
11301
-24088
-4736
14749
-2239
15441
237
-2637
7401
-17524
-8793
2304
13001
7752
-5515
12247
-3970
-10032
-4519
-3949
21893
7015
-4670
6656
10989
7564
-29031
-26680
-5929
-17655
-15807
-9518
-9940
-13398
8451
9362
-30609
-9299
14132
-529
5174
-3139
-10484
14941
24157
2510
5514
6009
-19398
-6213
12298
16637
11939
-19
13290
-4859
-13057
19448
13819
3752
2270
-4354
-7185
7489
11301
-24088
-4736
14749
-2239
15441
237
-2637
7401
-17524
-8793
2304
13001
7752
-10661
-20363
471
11438
3159
-8271
-3995
8761
934
-9088
6260
1313
-9827
7095
-1924
-9348
8855
11845
14325
4553
-10871
-10299
-11011
2622
13765
6024
13277
18942
-12699
-22090
14079
-2156
-18681
20141
4321
-15464
8192
213
-16895
-22708
-9557
11004
6360
6314
3236
-12268
-10570
-2381
-3108
5046
20130
7186
-6229
4334
12274
28421
23596
-15089
-19165
4963
2044
-14224
-4955
3519
-15807
-20363
471
11438
3159
-8271
-3995
8761
934
-9088
6260
1313
-9827
7095
-1924
-9348
-6350
-5074
3865
-1870
4737
2821
-10111
13516
16320
-4587
866
-11573
-3045
4087
-12794
9212
10291
-4280
-780
2352
9126
-2810
-20838
-20546
17859
20697
-15852
12075
4733
-12260
13071
-12858
-7185
6608
-622
10000
-13215
-2909
15579
2101
3797
-3906
-1704
16
2696
-822
-17733
846
-4545
-11940
8045
4201
10846
11360
9620
5263
-14986
-5649
-5317
-7076
7111
8658
11706
-5666
-21555
-5074
3865
-1870
4737
2821
-10111
13516
16320
-4587
866
-11573
-3045
4087
-12794
9212
4427
-2096
12042
7304
-62
6521
1476
318
4987
-3705
-7872
5354
7067
-10177
-18960
-18250
-7419
-1007
-12375
-5487
7900
-4961
-18763
-11465
-3635
-5042
-2070
-4400
11331
23116
-10809
-11659
-1437
-14586
-6677
-17516
1048
32023
2800
-282
9381
11740
14474
-14207
-15894
-13566
-9245
20933
10291
-806
-3502
-3310
25600
6078
-17622
3042
760
5975
17471
9266
20485
16468
-9352
-5633
-1437
-2096
12042
7304
-62
6521
1476
318
4987
-3705
-7872
5354
7067
-10177
-18960
-18250
-8020
-6685
239
-2972
-562
17826
-9518
-17983
14553
4957
-76
16782
12603
4893
1407
-4952
-234
-133
-8226
1077
4414
18752
22012
-14390
-2546
7468
-8813
8397
12661
21562
10327
-10766
0
-25809
-23417
-2796
-3852
16025
-27050
-48724
2690
-1905
-15901
-12481
-11269
11742
6674
-12329
14602
24856
979
16892
11493
-24079
-13897
-568
14041
7349
-13764
13768
8995
-7850
10041
2062
-8622
-6685
239
-2972
-562
17826
-9518
-17983
14553
4957
-76
16782
12603
4893
1407
-4952
1320
-3159
8811
-7169
-5699
7658
-2597
-6988
-8366
-7635
1692
-5561
-9997
31917
33852
-4701
12699
10309
-192
19439
15384
12340
-3692
-2771
6003
-21008
-14534
1903
11771
3537
-19193
-11955
-20118
4939
16515
-20468
5843
12617
2405
3266
-6004
22989
-6423
-31726
1026
-7331
-3319
-1930
4544
17972
-12943
-1245
13210
-14463
-11677
3975
8365
10076
7070
-5921
-8549
-11792
-18774
2871
2873
-3159
8811
-7169
-5699
7658
-2597
-6988
-8366
-7635
1692
-5561
-9997
31917
33852
-4701
6349
-165
6708
9331
-8190
-9990
12200
3643
-7020
-4797
3452
4657
1693
18578
11227
4891
20350
13321
6272
9087
2781
-21515
-14633
18013
4475
-9120
-10584
-4494
8853
-9590
-6078
3805
11495
32988
7323
-5934
409
-12661
-11341
-11900
-7350
-8185
-1347
22810
11834
2572
-3460
-20268
-14603
-11723
-13860
-10701
-6498
-2097
3960
10158
4146
-2800
-9463
-1771
610
-20807
-3374
14644
0
-165
6708
9331
-8190
-9990
12200
3643
-7020
-4797
3452
4657
1693
18578
11227
4891
11612
2985
4076
15693
21245
4048
-795
-3850
-20878
5882
20798
-13165
-3580
16493
-642
-879
5514
2577
1017
-10372
-1936
10348
-11966
-16635
-10573
-24781
-18657
-625
2098
-8711
-13011
8664
25865
12129
-2642
12532
16668
8843
21975
1993
-16484
2134
-3459
-15413
-22142
-606
30972
5050
-11263
-11945
-10581
8344
-12988
-17493
-5849
-22849
1950
22512
9444
7764
631
-1430
2303
749
2873
2985
4076
15693
21245
4048
-795
-3850
-20878
5882
20798
-13165
-3580
16493
-642
-879
-1554
8670
2661
5042
18191
17171
-18834
-1894
4073
-28041
14
-235
-11392
2574
-7968
-8842
-7419
8147
16229
-678
9218
20143
1504
-17830
7092
18144
-8070
-3662
-14061
-8944
32514
19558
-11496
-13975
-8793
-10691
-8728
-7825
-3719
10914
-9822
-9157
5411
-12829
7675
10395
-6859
-8594
-6952
20561
-7718
-25209
4309
-4264
10538
19172
21647
18639
-11234
9009
6280
-6262
4317
-19223
-8622
8670
2661
5042
18191
17171
-18834
-1894
4073
-28041
14
-235
-11392
2574
-7968
-8842
7068
4529
-9544
2240
13431
-2230
-8691
1334
-2618
-4252
-1866
4244
10048
10897
-7264
-24056
-234
7798
7467
14402
-1948
-10013
-10294
9882
2636
-26065
1907
-3839
-12733
7130
-3661
3650
-7185
-8939
-545
-29042
-8177
14643
19113
22550
-256
9899
16790
9933
1651
-18534
-2309
18354
20350
92
-3825
20739
-9056
-23941
-1814
-5387
-11259
-14186
1108
-3820
-16211
7183
3420
4789
21554
4529
-9544
2240
13431
-2230
-8691
1334
-2618
-4252
-1866
4244
10048
10897
-7264
-24056
12097
13022
-7702
-7570
24367
8358
-14324
3681
1518
2438
10305
6486
2148
1345
7704
6896
1203
-12289
-9560
15644
16610
5787
-1916
3318
9647
-2125
-6080
-15446
-8929
2744
-17056
-13536
1436
9106
5377
-14360
-5585
-2897
-5348
13462
9977
-9224
-17012
-4643
1073
-2938
5173
6212
7418
-2229
-11806
-6346
-18150
-14877
-5469
-11818
1848
20921
13482
-9650
-42
5840
-14750
4672
24428
13022
-7702
-7570
24367
8358
-14324
3681
1518
2438
10305
6486
2148
1345
7704
6896
1320
741
2722
13586
3064
9695
23590
6794
-1447
762
14204
23914
-11834
-38971
-9140
9416
-5515
5484
7822
-9446
3381
6553
3639
2192
-7688
16346
14235
-7320
23140
21829
-11683
-16288
-21555
-2882
21330
-3207
-12877
-7186
-23003
-8220
4320
-13752
-11719
-4177
-3438
-8691
-13129
-9374
-20351
-10519
13120
3748
-5065
2510
6281
-9850
-18179
-4312
-4240
7284
26618
22384
11944
941
1436
741
2722
13586
3064
9695
23590
6794
-1447
762
14204
23914
-11834
-38971
-9140
9416
-7787
-20628
-2550
-5907
-6156
6930
-18298
-7812
13097
-5232
-8781
-7992
-3408
-4967
-7461
8544
7418
6104
-1132
-7098
-5621
-29028
-16206
-2541
-8211
18537
8290
6823
26130
-2203
-10213
-6111
-4311
11359
6738
-56
-290
6454
7150
4593
12767
-1085
-4207
2273
2710
13133
-15880
-17275
24195
7046
-7123
9795
23561
30764
5057
-3762
-412
-12738
8761
15049
-2443
-1463
-13128
-11522
-10059
-20628
-2550
-5907
-6156
6930
-18298
-7812
13097
-5232
-8781
-7992
-3408
-4967
-7461
8544
8738
4617
-13023
5615
-12444
-15506
6156
3964
11679
3652
-3469
12032
17468
4681
-20199
-20592
-10292
-7204
-6912
-3934
12700
-614
5550
24546
-7945
-3683
-7777
-26219
8925
2262
-7171
7030
4310
12412
-9704
-10959
13285
-9265
-10590
6173
-184
-8908
-12024
-413
7061
6711
5419
4849
7418
-6535
-7928
4026
-7795
-1313
13457
-2385
-3551
10408
26346
31344
-4718
-14712
-4120
-12093
10058
4617
-13023
5615
-12444
-15506
6156
3964
11679
3652
-3469
12032
17468
4681
-20199
-20592
-5865
-3902
-5189
23009
21376
-796
-6118
-10454
9207
-5491
-13353
11595
-16368
-15432
-2272
-20064
233
9402
-10325
-18604
-3613
13884
14252
14488
7030
1530
1996
7081
8905
655
-3066
-22808
-7185
22517
8739
9235
-7008
-454
12080
-24366
10910
16443
-25915
3870
7048
-288
1643
-12987
-14603
-31311
-26030
4618
17981
14060
17350
21148
-15653
-13953
12594
-3533
6161
16119
615
-5228
-1437
-3902
-5189
23009
21376
-796
-6118
-10454
9207
-5491
-13353
11595
-16368
-15432
-2272
-20064
-2039
21660
17806
2095
9767
6281
9061
-3204
153
-1051
-9125
-1021
-22815
-7442
8325
-1807
11262
-9215
1266
14486
-13097
-3825
-12750
-7314
15569
-6880
-5575
-3328
-11259
18458
31149
5163
-7185
-3797
-9133
-8433
-2132
6159
4458
1677
22837
10375
-15009
-6068
-3749
-5275
-5100
1804
5981
8672
8696
-18581
-11784
-3823
-11280
12174
1674
-144
-427
-15035
9081
-7171
-12370
4393
-4311
21660
17806
2095
9767
6281
9061
-3204
153
-1051
-9125
-1021
-22815
-7442
8325
-1807
-117
9211
28008
12530
-10967
-7569
-1463
-9331
13958
24598
-792
950
9051
6135
3095
-5338
-8856
-5922
1063
-5985
-11940
2207
6633
5622
2113
-6626
-8460
-2144
11631
-2315
-23783
-3532
8621
591
7309
1520
-14900
-9750
1261
6904
6159
902
7944
8561
4331
4281
-2009
13793
17476
466
8614
-557
-13926
-14879
-23677
-6309
6507
9291
13789
-14878
-30763
-10630
5451
-1814
-11496
9211
28008
12530
-10967
-7569
-1463
-9331
13958
24598
-792
950
9051
6135
3095
-5338
-836
-3702
-6755
-26013
501
2528
-31218
4582
11414
2311
17194
3411
6144
-674
-3476
7214
-1204
12238
-2085
-23988
-6324
878
8134
8160
267
-9596
-22198
-12143
3284
15936
4729
-12130
-1437
2970
16540
20621
7278
10130
-8352
-19934
2955
13819
8162
9903
17195
10024
2626
-8789
-21788
-15693
-14148
997
10038
-13290
-6132
669
-20385
-3746
14781
-3913
7862
21843
-803
5361
7184
-3702
-6755
-26013
501
2528
-31218
4582
11414
2311
17194
3411
6144
-674
-3476
7214
-8506
-3025
3497
-10003
7140
22516
3359
-354
-2607
10516
11676
-7662
-7321
-8630
6082
4350
-1204
7189
-17844
-3591
16865
6610
6910
-12391
-9197
-999
-1710
3563
-17064
-652
25326
18526
15806
15174
24965
22056
12628
6821
6730
5906
-23259
-14786
-3612
-11785
11240
1068
-4482
-7354
-21788
3265
-14685
-24127
15096
19705
13422
-10700
-33913
-15366
-2291
-19200
-15597
19560
11624
-16217
-15807
-3025
3497
-10003
7140
22516
3359
-354
-2607
10516
11676
-7662
-7321
-8630
6082
4350
-12098
-3878
-2866
7574
2086
-25451
-8432
-14606
-7278
19381
4346
6178
14121
12533
-8258
-16672
18447
3630
-15416
12579
12205
-3045
-1232
4483
5757
1008
-17157
-14969
8384
3966
5162
11329
8621
-6254
-26955
12100
20760
-20127
-1162
18448
7277
-3926
1777
2530
-1785
30275
8347
-20963
13165
11099
238
-10730
-17810
785
-3052
2010
-10
-12935
-1450
9120
8017
-7070
-2873
-8419
-22992
-3878
-2866
7574
2086
-25451
-8432
-14606
-7278
19381
4346
6178
14121
12533
-8258
-16672
9223
14982
21779
-15815
-2794
-12681
-7559
21433
-16340
-21856
-6837
3304
15265
5515
22375
19621
17476
22416
-7344
-5959
-11651
-19894
-7250
-6881
7698
-3850
-11322
12075
-4312
-21453
-574
8387
-2874
15234
13386
-15398
3983
2884
-5851
12408
7717
9410
-5291
-11607
11297
8060
802
-13092
-8856
3331
-20681
-20033
4711
18029
10149
-4200
-4825
-15284
-18182
-3474
6487
-4851
-601
19220
0
14982
21779
-15815
-2794
-12681
-7559
21433
-16340
-21856
-6837
3304
15265
5515
22375
19621
5864
821
-1207
-13675
5003
23848
6296
-7913
5071
1939
-28294
-37159
2914
14231
-1622
15966
5981
4648
22185
1853
4856
6841
-8153
199
6610
3737
8978
20786
2753
-278
2403
-22847
8621
10338
-12779
12325
-2972
9805
19967
-11351
676
2480
10646
7764
-6631
10884
2930
835
-14603
-10525
15488
-24487
-6889
10363
-22176
1922
-18106
-31092
7970
1468
-10534
-12064
351
8322
-5748
821
-1207
-13675
5003
23848
6296
-7913
5071
1939
-28294
-37159
2914
14231
-1622
15966
5864
-19289
8775
15832
-663
9423
7943
-7944
1199
5972
-15457
6994
20145
6594
21107
4536
-1671
-3656
-17211
10398
408
-7614
10822
-953
3027
-783
-15413
-12202
9433
18361
-11956
-6485
2873
-9791
6005
7097
5568
18288
18230
1218
-12696
-13804
-19814
-2869
-9492
-31798
-2368
4499
-1204
-8132
-15802
11936
433
-14668
-1114
9222
25711
10231
-62
2059
-2844
-5324
-19676
2638
5747
-19289
8775
15832
-663
9423
7943
-7944
1199
5972
-15457
6994
20145
6594
21107
4536
-7302
5775
-10341
-15103
-252
-9327
-3720
2946
19615
18660
-10105
-8471
-5610
3940
12070
-3913
8855
21970
-3812
-4693
21018
10571
5878
-1015
-20128
16956
11680
-16495
10954
-9007
-23485
-9611
-12933
1512
3301
9409
9714
-18414
-21499
1471
9124
-1670
15611
6390
-10300
22098
-6029
-17717
11262
-5613
7771
6021
-7491
205
-1969
12940
-14361
-18346
20377
-54
-6542
6664
4262
-8097
-12933
5775
-10341
-15103
-252
-9327
-3720
2946
19615
18660
-10105
-8471
-5610
3940
12070
-3913
5145
-11047
-7728
-10592
-7761
17327
18626
4310
-2114
7675
15208
6336
-4573
-12260
-14661
-6902
18913
13470
-8658
-5997
-27883
-19854
-1058
-10982
18701
10984
1243
20509
-13864
-3449
23960
4760
1436
463
6197
-2408
-16915
6271
19463
7680
-6508
-5064
8851
18495
12700
-1713
12759
14744
-10292
-12555
-6070
-3785
-4922
4099
-5913
-33911
-10080
4199
-9047
1824
5734
1447
-7198
-4090
1436
-11047
-7728
-10592
-7761
17327
18626
4310
-2114
7675
15208
6336
-4573
-12260
-14661
-6902
9456
3479
14151
-1764
-23141
-7241
26566
15824
-3972
-8159
-8375
-5701
-17546
-7653
11262
11462
10291
5933
8622
-4531
-8711
15773
9509
-325
11588
17609
8280
-4496
-7623
-14796
-9621
-5242
-5748
9296
5116
6791
6245
-10058
9793
10507
-10399
-4215
-11077
-8889
11448
-3981
-6731
12664
-21788
-22258
15422
-18226
-20378
1086
-5923
16946
-2967
-13185
13839
-466
13719
15370
-11866
-1572
-1
3479
14151
-1764
-23141
-7241
26566
15824
-3972
-8159
-8375
-5701
-17546
-7653
11262
11462
-4195
-14337
-10866
-3374
-15204
-3322
12348
1912
2022
-3797
12042
5908
-22793
10944
20725
-3914
233
8822
6280
-16700
-14175
-2311
-20253
-1590
22489
11217
7212
-5960
-15676
-345
3509
2323
-4311
-8470
5558
-1580
15203
32274
-16598
-19588
3725
1786
12647
-10270
-14774
4825
6964
13213
-5982
4864
14587
-7347
14174
6756
-3949
17762
11998
-1484
-24472
-8060
18753
-1447
-2749
-8727
-18681
-14337
-10866
-3374
-15204
-3322
12348
1912
2022
-3797
12042
5908
-22793
10944
20725
-3914
-1321
-2231
-4927
-2482
235
16520
16029
-3665
-10315
-13447
3103
3600
-11844
2017
2150
17020
21787
-13777
-2412
14648
10403
-7095
-34623
-17897
-9474
-6693
9714
-2662
-2042
3214
-8787
-9951
11495
17419
-5788
-2386
-10396
-10452
6637
-25794
-12677
5237
-11602
13090
4063
10777
24021
-16966
-1671
7738
-4815
15454
-243
-2317
17006
1289
-7771
988
5228
-1989
-1675
15087
12051
-4308
-2874
-2231
-4927
-2482
235
16520
16029
-3665
-10315
-13447
3103
3600
-11844
2017
2150
17020
15204
14082
-3351
-1323
-4752
14830
11249
-18434
-13784
-1873
3768
1653
-2012
-42
7313
6557
10291
28394
14967
10096
10765
-4846
4624
-7104
-6004
15245
11966
15332
-5026
-10024
436
-16477
-11496
-7604
-1957
3326
-8140
-7384
-2929
704
-12082
144
20922
7852
10140
-15082
-22768
-4852
-13166
15591
5899
608
25116
-17218
-17011
-2483
-8366
-3714
-29226
-16529
-3104
2486
19081
-1925
8621
14082
-3351
-1323
-4752
14830
11249
-18434
-13784
-1873
3768
1653
-2012
-42
7313
6557
9456
879
10785
23634
1277
-4984
10853
-4933
-10399
-4001
6263
30793
6889
-13783
5334
6018
6951
1168
-13200
-11331
-3276
-438
-7618
-6058
-9064
-4200
17577
7600
-734
3336
4675
14718
0
-16200
-13002
-4784
-2468
-13729
-980
7273
-3972
-497
-7536
-7848
48
-6132
-1975
2425
1670
971
-8971
-7455
10213
-2159
-21882
8096
17685
-4483
8079
12003
-457
-4731
-11403
-1186
8621
879
10785
23634
1277
-4984
10853
-4933
-10399
-4001
6263
30793
6889
-13783
5334
6018
12097
19660
-1843
-7960
-4706
-6189
13481
15276
-7790
-3048
-523
-11728
-21738
-15173
15023
2214
-18448
4335
626
-14499
-8724
-1406
3804
-5024
-1693
13951
16057
5299
-9616
12621
22411
-13505
-8622
5520
-8268
-13171
-11204
11950
13562
-11855
2041
12747
7314
13345
4145
-9529
-10485
-5580
-13166
-21132
-1027
12222
13137
14648
6020
3836
-4055
-9045
-845
-6504
4216
16065
-6341
-8359
17243
19660
-1843
-7960
-4706
-6189
13481
15276
-7790
-3048
-523
-11728
-21738
-15173
15023
2214
-10661
-21253
-5570
-6521
-15797
-27186
-29740
-8969
-3900
-8972
-1207
-1621
-796
7735
8494
9211
-2641
-9876
2125
-3724
-14153
-10413
7441
9429
-16586
-11407
11955
27813
12004
-22248
-7320
-8295
-2874
25697
-369
8312
18177
-9301
-7072
-15754
3899
21993
9368
20728
2479
-8100
1860
-2330
2640
-1564
735
-9790
276
39286
11428
-9661
-658
2012
17448
682
-2193
10599
3409
13475
-2874
-21253
-5570
-6521
-15797
-27186
-29740
-8969
-3900
-8972
-1207
-1621
-796
7735
8494
9211
116
-7999
-7302
4548
-9
-2297
10486
15528
15899
13680
-7072
-14400
-3335
-7023
193
4168
1670
9491
-5685
-1071
6903
-9956
2
-1017
6435
16270
-12340
-2660
9147
-4647
-9487
-18023
5747
18259
-990
1922
-5596
-14613
2257
9085
1344
4338
963
-6118
12305
9445
-2110
8371
1203
5879
8925
1448
15943
4343
-6301
2704
-12184
-19278
-10989
-8059
-12371
-15899
-6539
3565
2873
-7999
-7302
4548
-9
-2297
10486
15528
15899
13680
-7072
-14400
-3335
-7023
193
4168
-2039
22478
22645
-3353
649
-1512
-5496
-6200
23175
27656
-9180
-4303
10060
8065
-6251
-8726
-3108
-20039
2639
23160
5609
8173
7670
-3134
-8787
-6325
-13143
-19603
-4919
-1973
1059
-7771
-8622
14868
11484
18640
1382
-16507
17302
7118
11311
21936
-6116
6969
-2281
-17503
-4439
-18526
-11263
6786
-2571
-8168
-7642
-12961
3225
15704
-8457
-2333
5734
2912
8634
-30816
-24570
5273
-5748
22478
22645
-3353
649
-1512
-5496
-6200
23175
27656
-9180
-4303
10060
8065
-6251
-8726
-11613
-10889
5812
-9259
-9574
4130
-17452
-7299
36365
6193
-21931
-16197
-20328
1997
-5626
-11798
18913
1322
-7618
7903
4061
16756
11568
-6617
10993
24795
23926
14377
-13013
-12651
1993
-6753
-2874
2957
3553
4666
-1430
5800
-9650
-13885
9617
-8489
10389
33825
-11287
-12474
7560
-3945
-7419
1049
19559
19210
1193
-6642
-2409
2166
502
7445
793
-13884
-18601
-21306
2517
7482
-20118
-10889
5812
-9259
-9574
4130
-17452
-7299
36365
6193
-21931
-16197
-20328
1997
-5626
-11798
3709
7690
33178
4353
-9442
15175
801
3673
11588
-7495
3336
4703
-2344
-9584
-21757
-2777
7418
-4624
-12756
-17521
-18127
3090
25510
5157
4650
21083
10067
19297
7914
-20814
-9897
-1778
-5748
-3992
-5725
-13994
-9342
2748
1801
2780
-2967
-11210
-7521
8640
20428
2532
-5406
-14549
-24662
-12291
-16383
9132
19665
-13608
-2044
-2796
-1777
7469
-15696
5010
14235
832
22484
13652
-11496
7690
33178
4353
-9442
15175
801
3673
11588
-7495
3336
4703
-2344
-9584
-21757
-2777
-602
3708
12491
-12839
19215
-3740
-12750
18132
8529
6059
-7752
-15089
-4648
3753
-2970
-23313
-1671
4196
-19402
-11965
6182
8136
-12788
-8582
-2125
-17907
-2247
348
-13543
2019
19913
11555
-5748
-3394
-753
-1457
4473
18338
17647
5687
23084
6656
-8351
9082
-14977
-5509
-2427
-19403
16039
10507
-3833
1203
-6880
-16514
-19865
22259
16494
-9831
6852
-1802
10175
-6487
-9757
26175
-8622
3708
12491
-12839
19215
-3740
-12750
18132
8529
6059
-7752
-15089
-4648
3753
-2970
-23313
-6583
-10177
2202
-5736
-23090
-20092
-15481
-31106
-4230
15024
1244
11018
2707
1000
-1732
-11975
5514
-11178
-14755
10107
13624
12539
-6410
5293
13711
-16888
-6268
8845
12617
12637
1070
12898
11495
1781
9680
6938
1084
-559
-3398
-110
4229
-9490
-7819
5203
-18965
-22541
-597
5241
17476
27416
19128
-8450
-3115
25906
5662
-8803
-2216
-4621
-3418
-3543
3640
-766
-2110
4171
-11496
-10177
2202
-5736
-23090
-20092
-15481
-31106
-4230
15024
1244
11018
2707
1000
-1732
-11975
4912
-8001
-13469
1476
3831
-1349
21110
29127
13446
16001
6843
-14620
-16681
-10455
11577
28941
4544
-4185
11637
-203
-2563
-2922
-2602
15512
-11085
-10764
24200
-1151
-6574
7491
-3397
-14332
-27303
-1561
14082
-13306
-15677
-2685
4105
441
923
32
-11189
5029
15345
5140
-2561
-1114
6951
-12770
-3137
26019
2911
-10763
-16866
-21058
-3286
-1747
5516
3486
-15084
-7453
127
1728
4310
-8001
-13469
1476
3831
-1349
21110
29127
13446
16001
6843
-14620
-16681
-10455
11577
28941
13049
5865
-8453
-12183
5351
5335
-6347
3421
-3233
-8303
-3879
809
-11596
-27317
-1578
3928
-2641
3291
-11142
-1549
7704
-11489
-23776
-14901
2371
2432
17117
24376
-1196
-13832
-11668
7221
7184
-8537
4710
5506
1586
-1420
-16797
-5263
14727
7309
-5140
5554
12088
7205
4402
-8709
-8856
-8052
-3756
8179
-8896
-7988
1921
-5283
-8120
-8871
22034
32939
17946
18382
-3640
1930
21554
5865
-8453
-12183
5351
5335
-6347
3421
-3233
-8303
-3879
809
-11596
-27317
-1578
3928
8019
-14484
-30372
-6451
-5045
13185
1564
-4439
6261
-14263
9303
6475
-22679
-4158
4393
16982
1670
-22775
3761
1675
-13592
-3607
-2203
-14212
-28082
-17120
3369
6898
6508
8020
2845
-2618
4310
19584
28706
10369
-3578
9972
16991
11222
-6262
3659
18402
-1950
9992
-3147
-37155
-6027
4077
-3189
7017
5901
4969
-440
13781
18923
-12154
-23179
-5704
71
-11067
5952
11276
3157
18680
-14484
-30372
-6451
-5045
13185
1564
-4439
6261
-14263
9303
6475
-22679
-4158
4393
16982
-4195
1905
-3080
-7702
-4787
-3618
-10182
-24363
-2618
3928
-7652
17172
11337
11399
19901
-9346
-3108
-2917
-20875
1980
13809
-1512
2265
12257
-14812
-22489
8077
11507
8757
13503
17891
7968
-10059
1725
-512
-2925
12710
4882
-1282
-3367
-256
-3234
-9052
4392
-10147
-11261
13678
5309
-5515
-6686
4840
20838
18500
-2581
-19951
3278
11937
3378
5259
-20880
-15696
13570
668
-16126
-10059
1905
-3080
-7702
-4787
-3618
-10182
-24363
-2618
3928
-7652
17172
11337
11399
19901
-9346
-6583
24128
7049
-17505
-15628
-11953
22943
10908
-8560
5400
10891
-3051
-22374
2525
10496
5487
18913
2134
-1241
321
13968
20962
-17161
-1627
20384
6514
10746
-3573
-17298
-7271
400
-10527
-4311
23445
7566
-972
7991
-8811
-2828
12089
11433
8134
-1630
-8970
-4190
-2003
-8143
-10302
-16040
-1626
-3563
-24327
10911
-940
-29025
7449
-268
-12627
-18327
-13692
15120
-2036
11819
12300
-10059
24128
7049
-17505
-15628
-11953
22943
10908
-8560
5400
10891
-3051
-22374
2525
10496
5487
10175
3491
-55
9308
5115
-12426
-563
-917
-6683
-1708
-3618
8358
-149
7282
18842
-25254
-26099
-12096
-12513
11202
1951
-19
-869
-9396
8036
-6604
-11383
-4877
-20442
-9535
-323
-3189
-12933
-22483
-6054
944
-8339
1485
28194
23516
3808
10620
6857
-1314
-1680
2361
6314
-2100
14602
11230
-10817
11463
7019
-13831
-6851
-1477
6333
6050
3090
-7335
-17966
13185
35722
14051
1436
3491
-55
9308
5115
-12426
-563
-917
-6683
-1708
-3618
8358
-149
7282
18842
-25254
-20953
12608
8767
-72
27375
3690
-20887
-1055
1692
-3512
-2753
3718
10057
5578
-1501
-15436
-11729
12856
17778
285
-6152
18744
18023
-8853
2041
3546
-2481
9288
-8994
-8670
10868
-10709
-18681
11215
22023
-4719
-7054
22717
13346
-1334
4054
-7313
-14284
-11070
7883
16557
-12639
-8907
11728
-19
-6940
-11503
-14171
-11067
-16232
-16039
-7790
5101
12373
12095
2548
-13065
-2478
-4673
-15807
12608
8767
-72
27375
3690
-20887
-1055
1692
-3512
-2753
3718
10057
5578
-1501
-15436
-8020
-1135
19708
3174
-7685
-2585
-11398
4679
7194
280
11439
-13981
-8702
13620
-13043
-403
11262
9262
24574
-8920
-2073
32250
10787
4895
-13128
-36891
-23068
-10141
-9004
-19853
-7318
-3040
-15807
5935
-3560
-14657
746
-8902
4038
10504
1427
11296
-3747
-8813
4143
-7112
-9663
8481
14602
5690
906
-4319
3262
10763
-4416
10862
21749
-2570
8231
17011
-3683
-10055
-3479
4660
-4311
-1135
19708
3174
-7685
-2585
-11398
4679
7194
280
11439
-13981
-8702
13620
-13043
-403
-1554
-24806
-3500
9730
-2517
-4064
8347
-6499
-19039
16985
9234
-26493
-17599
-11850
12562
20917
-4078
10200
7880
-7100
-2321
-6865
-9225
-15515
3808
16367
-4304
11083
11266
-7608
-1110
-4367
5747
6788
-3603
15741
2516
-20621
-3961
-3376
-1079
16847
7104
9730
19282
786
18461
37891
1203
-10425
4970
-2537
2320
15230
2456
-8236
-6683
-10939
-6288
1339
-1454
-9024
-16037
-9322
-14370
-24806
-3500
9730
-2517
-4064
8347
-6499
-19039
16985
9234
-26493
-17599
-11850
12562
20917
-4195
-5259
12071
6703
7726
21192
-269
-15908
-5420
3072
883
10999
5691
-16478
2952
5288
-4545
1236
-15330
-5599
-3886
-7163
8418
-14253
-20139
-18425
-7223
14474
-14903
-11300
2822
7872
21554
-22160
-14861
18682
1593
6604
-11233
-15203
11167
686
-6457
-9723
-3805
2411
-2923
9591
4544
335
7608
-6385
-11182
-8982
8831
33709
8642
1262
34800
10094
-15725
6978
2895
-4366
-4311
-5259
12071
6703
7726
21192
-269
-15908
-5420
3072
883
10999
5691
-16478
2952
5288
2038
-2859
16164
13762
-2614
5943
639
-2268
20733
22432
-7730
-19911
-3002
-968
-6180
-1357
233
11731
10575
-1215
5844
559
5298
22807
14636
11913
-1965
-15873
-1484
-13782
-9503
13216
-11496
-4702
25861
6927
-8390
-4019
-3363
-9195
-12112
4450
6861
2439
14004
-4559
-22511
1533
8388
-9774
-16720
-13204
-591
1295
-9310
-4421
-6015
-16938
-10059
-5445
-3772
-730
-1057
12196
8621
-2859
16164
13762
-2614
5943
639
-2268
20733
22432
-7730
-19911
-3002
-968
-6180
-1357
-2758
-18988
-3890
-11532
-7155
4663
5209
15005
19183
11196
-1896
12115
22217
-1215
-7661
-24321
-24662
3040
-10562
526
24356
4553
-6710
-6073
-93
-5573
-20419
-27110
-23378
7354
9721
-4354
-2874
-10452
5612
-4164
-17232
5532
-14211
-520
29673
4615
5483
3702
-1199
6430
-6367
7357
16039
8086
4774
-13436
29
5726
-7979
18027
14462
3310
20895
-4115
-20634
-5294
5003
15895
-5748
-18988
-3890
-11532
-7155
4663
5209
15005
19183
11196
-1896
12115
22217
-1215
-7661
-24321
-12331
-3808
-8624
-336
10440
18225
6841
-2405
-6436
11296
19280
2947
4432
9980
16250
-2455
-18914
-8774
-9389
14346
21149
6817
6209
-11618
-9310
-9606
2807
30385
12137
11563
-4112
-32788
-1
16862
-15638
-43191
-14012
3566
-29317
-11733
12183
-9256
-22885
-8736
4189
-5400
6284
13104
1670
1722
147
7571
-335
4273
5755
-21564
9309
19790
-191
11296
-3517
1717
3582
-13806
-1
-3808
-8624
-336
10440
18225
6841
-2405
-6436
11296
19280
2947
4432
9980
16250
-2455
-4428
-2628
4208
-2845
368
14955
7539
7071
3459
8441
6082
-10125
-5512
-110
10693
747
-14137
269
-8005
4031
17075
-17408
-21030
-8974
6682
21517
-3513
1425
16173
-11380
-8994
3793
-4311
11338
19730
7365
-20
-13610
-17541
-4982
5162
-629
285
26297
12594
-12770
3098
3343
-3108
-7744
-7807
-6646
-28921
-6417
11405
-16266
-3809
1946
-10984
-3248
11230
14222
-8166
-994
10058
-2628
4208
-2845
368
14955
7539
7071
3459
8441
6082
-10125
-5512
-110
10693
747
-9224
1749
5813
12547
-9516
-7464
4158
-10710
-412
3106
-10487
213
21813
15546
-16735
-21182
-1671
16728
18520
-74
3598
9568
5895
10108
-761
-7318
-8634
-12956
-985
14744
20409
3692
-7185
2477
-1237
4875
11547
-889
3707
629
-8211
-1527
-10252
-748
7274
-20009
-5130
8606
-4078
17710
1986
-23535
-5631
-11959
-17826
-9325
3634
6320
-18704
-3317
17879
7193
5519
-4813
-4311
1749
5813
12547
-9516
-7464
4158
-10710
-412
3106
-10487
213
21813
15546
-16735
-21182
6349
11183
-23999
-1544
16847
10710
5518
-13851
-5318
36
-9160
4365
22828
8432
-22649
-960
5514
-7469
19204
2657
-5260
9747
-4940
2980
-9382
-25774
-18848
-17390
5529
7794
-7954
5001
31613
20927
-15754
-2654
-4306
-8763
29930
10328
-9053
2426
-9284
-2804
511
4341
14359
2300
233
2165
-9875
-23395
-18778
4441
9437
-5026
-4988
3236
-1261
1513
5617
2544
-713
-7511
14369
11183
-23999
-1544
16847
10710
5518
-13851
-5318
36
-9160
4365
22828
8432
-22649
-960
2757
-11087
-809
-4459
-2761
4439
-7173
6803
8047
-3026
-16064
-20766
-7810
-20208
-13530
-54
11728
27837
-17981
-32941
8872
19021
4531
-18229
-5337
10854
-10038
-3721
4660
-10934
-3433
9863
11495
9091
-15099
-15408
11526
11489
15957
-2823
-16669
11652
-8910
-8119
9841
-7554
10723
-2537
-11729
5552
-6348
20258
28344
17600
20184
1686
2462
-8261
-5226
6278
-6693
12502
7224
-4815
-1
-11087
-809
-4459
-2761
4439
-7173
6803
8047
-3026
-16064
-20766
-7810
-20208
-13530
-54
14486
-12274
-12783
14515
14962
17199
4044
11845
10921
-9365
-11759
-34455
-12333
6619
-23255
-1342
5981
-4283
15744
11262
5749
-58
-16984
-10883
411
4380
18001
8061
-22247
-5997
8757
-7676
0
5851
5688
8264
-1435
2302
9957
-6997
-13795
14230
8462
-13962
1185
-7776
-14042
-5411
-17477
-9292
-1220
4083
3713
-8782
3679
9856
8210
2619
855
10358
-1094
4617
4849
2476
17243
-12274
-12783
14515
14962
17199
4044
11845
10921
-9365
-11759
-34455
-12333
6619
-23255
-1342
1553
4935
10071
-21791
-11988
13675
-3826
-5677
1355
-7710
-25699
-22322
-1503
5267
9040
7737
14602
11692
-3050
10628
2575
-13753
-5452
-10435
8438
23904
-8643
-7694
10511
-3389
6801
10098
-1
23075
11174
-2691
6588
-18443
-4729
16934
-7104
-8240
10004
19871
9282
10173
9928
-14801
-234
6910
-11055
-22141
-20168
18837
3496
-14338
20301
-3825
-17295
-4609
-6797
5860
-3765
-7753
-2874
4935
10071
-21791
-11988
13675
-3826
-5677
1355
-7710
-25699
-22322
-1503
5267
9040
7737
835
-7912
-7403
-10142
1947
-1104
-5578
2265
10470
283
-8142
-15271
-2601
15059
-11315
1307
16039
-12311
-11099
-13404
390
4461
-20865
3470
12357
-15821
-16866
16247
27079
-1408
-3883
-4561
4310
21018
8919
7700
-4473
-1852
3494
-2037
18269
-14633
-18774
16293
4428
18869
8294
-8607
-13166
-31884
8594
7527
-15110
13687
9070
-3304
-12358
-7140
10279
10672
11327
-2309
9283
14830
-12933
-7912
-7403
-10142
1947
-1104
-5578
2265
10470
283
-8142
-15271
-2601
15059
-11315
1307
7301
-4062
-12663
-6112
3099
10993
1009
-2360
-1026
-4783
5945
-10460
-7931
4167
-4670
19379
10291
685
8950
-4737
20455
6484
-34822
-22154
5419
22668
-10709
-19637
8105
-7788
-11242
-6671
-1437
4864
-13099
-11443
-1766
2676
6725
4372
6773
9374
13327
19498
27206
5667
-8194
9750
-18914
-22810
8681
-110
1200
1093
4095
2707
-11168
8921
-437
-14380
7105
7824
1112
-3632
-1437
-4062
-12663
-6112
3099
10993
1009
-2360
-1026
-4783
5945
-10460
-7931
4167
-4670
19379
8738
-596
-18849
8235
11864
7917
18240
-6588
-15900
2807
20241
20549
3244
-4684
-4950
-2073
-234
11549
5092
-10410
12433
5850
-6540
166
-5246
8590
-9005
-13765
13313
16793
31238
8779
4310
19571
-5665
13511
-4434
-20837
19944
-706
-1345
36
-28490
-16254
-11374
5850
6915
-16158
5981
14842
-5255
-11697
3126
5520
-18467
-15093
5245
2071
-15552
-16532
-5185
-6310
-11897
-10947
7184
-596
-18849
8235
11864
7917
18240
-6588
-15900
2807
20241
20549
3244
-4684
-4950
-2073
7068
-13446
15193
13154
-19981
7779
-15467
-28533
13188
22864
11466
-11587
-7112
6794
-2607
-11846
-13166
5690
-1508
-5369
7325
-13214
891
9377
-14216
-46
10295
7634
-1292
-4753
16811
12399
-11496
-11109
-1487
-13876
-17237
1875
-1302
-382
15550
17307
8195
-2227
1711
3088
-749
-7127
-12700
14274
28035
1295
-16092
-12220
-6129
2213
8467
344
10277
7604
-16302
-2244
-2948
4270
14369
-13446
15193
13154
-19981
7779
-15467
-28533
13188
22864
11466
-11587
-7112
6794
-2607
-11846
-13050
8916
12969
8375
6803
-1079
1704
14803
10746
-11676
-33417
-11489
-3122
-19898
10570
7653
-8389
5463
-10879
-457
12924
-3813
-9979
-13658
-5163
4302
24997
17268
-24288
-13272
-3170
-4189
-4311
-8168
18299
-4628
-7850
38324
3949
-21004
-7873
-11010
7784
13612
1786
8365
14520
3386
-3108
-6454
-10579
12672
22609
8757
-2122
-14239
-3460
2366
2317
13415
2631
-1130
-3981
-21529
-12933
8916
12969
8375
6803
-1079
1704
14803
10746
-11676
-33417
-11489
-3122
-19898
10570
7653
-7787
-741
-9526
-14445
-12711
-16201
-4045
-9609
-4219
5995
-4905
13295
7661
-10639
-2145
-7353
3107
4433
-3954
27486
27948
-19051
-20036
16702
19121
13437
9131
-7794
-9875
-2065
21363
10448
-21555
18681
33309
-3366
1010
10576
-4901
-21313
-18774
-10686
6785
16058
-6472
303
1319
-11952
2640
-1426
9606
13799
994
17456
-5219
-22989
-7627
-13440
-5963
3735
2935
3360
2163
-2711
-7185
-741
-9526
-14445
-12711
-16201
-4045
-9609
-4219
5995
-4905
13295
7661
-10639
-2145
-7353
-5632
-9173
12041
-3685
-8100
19760
-4126
-19108
-4651
-9133
-8287
7527
20279
-802
-8788
10621
6951
-7593
-22796
-3793
9358
-8066
10884
5663
-9905
6463
4781
12655
20375
20145
18777
5256
2873
-3229
392
8606
1509
-6200
-17039
-1363
1776
-18536
-2119
4763
-9626
-10750
993
8785
4544
12854
8677
-9630
-20013
-22637
3835
23768
12778
-2777
-4189
-1586
-13787
-6317
6957
-2504
-14370
-9173
12041
-3685
-8100
19760
-4126
-19108
-4651
-9133
-8287
7527
20279
-802
-8788
10621
4194
21047
-6768
8087
3580
-17203
4004
6891
7789
-12091
-13731
12597
9132
4912
-5881
1625
2640
-13700
-3482
-9228
2593
5182
-11717
15767
9821
-11845
-6735
-1995
9181
4933
10277
21332
-1437
-25268
-10795
6065
-10519
-13375
-16395
-17396
-2042
-12702
-3171
4569
-4575
5649
4101
20056
20350
-5923
-8394
-7343
-1404
-7781
-1963
2889
-4074
25990
18584
5473
3504
-16808
6074
-423
1436
21047
-6768
8087
3580
-17203
4004
6891
7789
-12091
-13731
12597
9132
4912
-5881
1625
7068
-653
-2961
-7274
-1475
9259
7591
15995
12430
5789
1995
-15645
8941
11155
-14515
-2366
-15574
-3658
9545
-24975
-10181
-1578
-14307
-9172
-20723
-7726
10119
179
-1420
-5684
-7495
20807
25865
-9880
-12271
-9458
-9529
11601
-13705
-27540
1939
14665
22471
12266
5428
5184
-1927
4112
-4545
-5987
-4824
-4317
15435
10566
11304
8359
-10892
-5443
-12582
-2918
15789
-4624
-1438
18948
11495
-653
-2961
-7274
-1475
9259
7591
15995
12430
5789
1995
-15645
8941
11155
-14515
-2366
1553
19984
7326
5977
16798
16009
-594
2726
17180
-9094
-10746
11940
-4939
2655
1159
-11443
9825
10414
8903
-11330
-17795
21412
12835
-2468
-1109
-14041
-20292
-19332
-1599
2549
-9214
-12156
4310
9755
-18367
-2110
-3067
-21549
23991
21357
-2812
-6044
-7160
11332
-13147
-14417
3514
-1239
18913
-3558
-20855
-9802
-13182
-3767
-8480
14309
15478
-15548
15205
5191
-20552
5231
-222
-2961
18680
19984
7326
5977
16798
16009
-594
2726
17180
-9094
-10746
11940
-4939
2655
1159
-11443
-3710
-8494
6026
4546
-11318
1351
13788
12202
-2710
4250
6885
-16815
-3312
-494
-9852
-874
233
15235
13146
-2292
-2500
-7593
-11057
-2620
14041
-325
-20374
-10834
1025
9045
-7615
-4070
11495
-12095
-10213
7907
18256
7386
-8169
11817
-3039
-1011
28592
9590
6185
9039
9541
-3497
-34721
-8603
10663
-2514
1309
13684
13565
-8684
-2546
-1851
-11738
7042
1848
3459
-205
-23903
-17244
-8494
6026
4546
-11318
1351
13788
12202
-2710
4250
6885
-16815
-3312
-494
-9852
-874
-11380
20203
8696
9555
-4000
-17264
1058
-16380
1446
22840
8586
5163
1377
3805
163
-330
-13166
-18478
10503
16731
17209
1036
1766
23696
-7031
-9283
-1259
-6532
1418
-12217
7122
4510
-20118
-4849
-6296
-659
-1256
-7360
-5360
-15097
-4321
1108
15055
4272
-28638
-3804
-736
-5314
4544
-2815
4339
-10326
-6207
12681
153
3096
15652
15657
-5140
6178
20093
-1268
7326
-18571
-22992
20203
8696
9555
-4000
-17264
1058
-16380
1446
22840
8586
5163
1377
3805
163
-330
-3710
16642
-15156
2240
-2063
12893
31622
-3211
5245
2105
7851
11797
-23603
1569
9736
436
10291
1934
12697
-5761
-19977
-1717
-3485
-2572
-2535
7630
5226
2092
28759
18107
-1570
-1489
2873
13810
10398
5156
-5718
-11956
-5454
-4164
-5246
-1766
13007
-901
-12629
1129
-12294
-11392
-7419
-16828
-10323
-939
16260
8208
-8808
-13743
-8962
7589
-12209
-12293
-4025
-13375
1745
-11246
5747
16642
-15156
2240
-2063
12893
31622
-3211
5245
2105
7851
11797
-23603
1569
9736
436
8019
8434
-17874
-37534
-10265
102
-4205
-11004
-12029
-7590
-11076
-415
3802
2947
6439
3858
5981
9924
13357
-1192
-11453
-12553
-16965
8796
13199
7415
14005
-8728
7825
27611
7343
7521
2873
2117
5140
-10450
-9709
1445
-2420
-3693
12028
-5019
-21920
7527
7344
-3786
391
553
2640
-19789
-13804
22813
19929
1105
-2481
2635
-7452
-8386
-2319
-7905
15514
19008
399
4221
5747
8434
-17874
-37534
-10265
102
-4205
-11004
-12029
-7590
-11076
-415
3802
2947
6439
3858
-602
-13839
-13993
-2107
4430
11636
6888
-3172
-833
7273
17574
5153
2315
2303
-15711
-4614
-3108
-2696
9449
3767
5480
-3266
6335
2578
-23187
1706
-11411
-15555
6927
-27022
5
24322
-4311
4657
-5666
-6827
2507
-5651
25595
29223
-10664
2005
30264
-6298
-28879
878
8831
14251
14602
5362
9510
-9513
-6671
13881
-7003
-12665
11690
11786
-12740
-17397
-9104
-9019
-1952
-1154
-7185
-13839
-13993
-2107
4430
11636
6888
-3172
-833
7273
17574
5153
2315
2303
-15711
-4614
-2273
-25942
6107
-2793
-22586
-2092
-1900
-1536
-4506
-4637
15480
8721
6170
-456
-16986
5831
11262
-1695
3520
2850
-6190
-13421
2642
5919
-19369
-25318
-18650
-6664
4828
9147
483
-6829
10058
5847
10652
15418
-12599
17895
24880
-1648
30371
12267
-9711
-2240
-24112
792
5913
-7817
31846
24796
41
4045
-4610
-3157
-5302
-9475
-750
-4947
-7443
284
1617
-12080
-9734
18917
-1437
-25942
6107
-2793
-22586
-2092
-1900
-1536
-4506
-4637
15480
8721
6170
-456
-16986
5831
7786
12694
-13019
-9422
-3703
-5776
-6814
-4097
13014
-209
-636
9303
-9488
-4037
-7625
-21206
-16040
-7559
4705
-9227
-3723
16360
1108
6521
2853
-13703
1019
-2407
-12312
-7381
-8619
-3740
7184
11510
7777
402
-3237
-2216
-1461
11133
21472
-1243
-14892
2048
10678
567
-12843
-6775
16039
22577
-1148
-10411
4912
-7348
-9382
20976
31633
19939
4694
8213
5373
-11192
-11849
-14311
4310
12694
-13019
-9422
-3703
-5776
-6814
-4097
13014
-209
-636
9303
-9488
-4037
-7625
-21206
4912
-12454
-19924
-10739
-11451
53
21181
15928
-11013
2602
2240
-16635
-5378
9854
6218
-14611
1670
4489
-9613
14774
3283
5910
10627
-14094
2371
185
6580
5584
-10738
25740
159
-31345
-2874
-1077
-145
-4707
448
4864
-13832
-3383
11012
13245
3658
-4720
819
-988
186
-9707
-18914
-14805
7675
26339
1970
14767
23652
-10851
-8120
-9841
-1971
7753
-1949
3433
-13708
4424
25865
-12454
-19924
-10739
-11451
53
21181
15928
-11013
2602
2240
-16635
-5378
9854
6218
-14611
-2039
-26
-7124
-23456
-3013
-10752
-16608
1533
3880
3582
-12229
-20361
-7200
7035
5922
-7386
233
-386
3085
3312
-15624
9152
13193
-1549
3387
-14412
2655
8204
-8362
13896
12602
3363
-11496
-16127
12476
1708
-1546
10636
-133
7055
7615
8948
26295
24120
10073
-3299
-15237
-14944
-234
3726
-311
2461
2937
14394
23170
10754
-9136
-25952
-24851
-4121
11235
-423
78
9298
-5748
-26
-7124
-23456
-3013
-10752
-16608
1533
3880
3582
-12229
-20361
-7200
7035
5922
-7386
2272
-8682
-2975
9661
-8882
5262
4894
-9941
1939
-7515
-9572
8053
17874
11630
-9669
1476
14136
-7152
-7160
4389
8597
6204
-12783
-5270
6003
-4372
7047
3078
445
22601
622
-15602
-1437
-9049
-19533
-18505
8881
19773
-9187
-3507
12430
2307
-1947
165
-7365
-23456
-17489
1892
11728
12651
-2150
-13891
-8598
9668
1514
-19081
8365
20412
13296
8442
-22452
-4307
19103
2653
4310
-8682
-2975
9661
-8882
5262
4894
-9941
1939
-7515
-9572
8053
17874
11630
-9669
1476
5631
13028
10578
20041
4041
-21628
-9372
-6009
-7771
-13525
-13128
-9337
-14354
11726
12192
-20172
-21788
-3930
2205
-14551
2770
14213
-15995
-4592
4915
712
11348
8933
19439
13597
-6876
6795
20117
3375
-17861
-2915
15583
1741
-6065
-1784
-9474
-14617
-5645
-7708
-221
13486
1492
4263
10291
16490
12508
-19718
596
10852
-11885
5244
-4916
-2931
22983
10388
6629
3385
-9480
-14869
-2874
13028
10578
20041
4041
-21628
-9372
-6009
-7771
-13525
-13128
-9337
-14354
11726
12192
-20172
-13768
-577
-6818
24201
-2257
-573
6787
-22446
4146
4873
-9691
-4113
-8519
-2325
-18537
-17059
-8856
-10402
21501
15091
-4305
-2239
-6159
8186
13116
2692
-14206
-14697
7947
4366
-4664
-10215
-14370
-10165
-5019
11643
10385
14659
23943
-809
4475
21407
723
-14257
-15171
-16927
-6070
18078
5981
-21676
4211
24395
-3825
-8938
5561
-6407
1253
21972
20791
14634
-7251
3843
10631
-26232
-5748
-577
-6818
24201
-2257
-573
6787
-22446
4146
4873
-9691
-4113
-8519
-2325
-18537
-17059
-12331
-15495
5080
-13171
-6045
22242
-217
-11411
-2618
-12701
1821
8102
11315
31188
5301
-10926
-5982
-5271
10612
1660
9089
14126
-6194
3277
-7873
-11478
-1346
814
20954
-3717
-4043
26285
7184
2506
-11749
-18438
4853
-1710
-5541
-6284
-256
7287
-27
428
-14190
-5009
15535
-2403
-8389
-6086
-2261
1822
-2151
5993
13634
20010
10746
590
9362
-5608
-23829
-22472
-6983
5834
-15807
-15495
5080
-13171
-6045
22242
-217
-11411
-2618
-12701
1821
8102
11315
31188
5301
-10926
-836
-12419
-15768
-2104
17275
-11720
-24379
-6044
1776
11090
4773
376
-15579
-366
34531
3933
-2641
6430
-7551
6658
8388
-9190
-15599
9557
20210
-9569
-6671
6861
-5154
-24291
-21091
-648
-1437
-2869
-10930
-2329
17909
-143
-2697
927
-4651
-7073
-3304
20102
4082
-9053
-289
-7395
-234
-6370
6494
12997
2409
28304
14919
9545
5655
-18474
9962
-3317
-6342
19720
-8391
-3146
4310
-12419
-15768
-2104
17275
-11720
-24379
-6044
1776
11090
4773
376
-15579
-366
34531
3933
-4195
-12300
872
5982
-2724
11129
-6365
-35006
-21082
-8146
8258
-1217
-9995
10953
-2167
-6299
-234
-6523
831
7125
12731
10086
11532
1789
-5667
11718
1709
11720
15846
-10282
3944
396
-8622
-7322
-5439
18715
13028
8120
-462
1506
23955
-16779
-26223
-5121
-9137
1298
-13124
4591
14602
-18014
7799
19929
5702
2791
-12138
-9082
2792
13352
12189
3131
-2463
-13079
-4215
4825
-5748
-12300
872
5982
-2724
11129
-6365
-35006
-21082
-8146
8258
-1217
-9995
10953
-2167
-6299
-1554
13694
2403
-2622
8421
17386
816
-30810
-30270
8720
15633
-4783
-2480
-15531
-25895
3022
9825
-7889
-83
3566
-10645
-5858
4057
-918
-13026
-13854
-6335
-10961
6016
21871
8857
12199
8621
-2528
-11776
-10545
18141
7092
948
8761
-15715
12768
13120
-30700
-2078
14666
1976
4674
7418
15210
16885
20531
12821
487
-1758
-7968
1529
233
-6860
-7105
-18703
2500
10995
-15322
-2874
13694
2403
-2622
8421
17386
816
-30810
-30270
8720
15633
-4783
-2480
-15531
-25895
3022
-4428
-2131
6161
-11219
-4754
-2262
12827
6415
4475
17060
-8929
-4832
-762
-11790
6414
8833
4544
-6657
2364
16991
-8803
-6393
-4087
-11618
1950
4118
1353
-26587
-23659
6849
-13097
-11950
-4311
-5823
18886
4571
-17396
-7399
-12958
-17988
4146
10494
-1684
8430
12112
8556
7204
2410
18447
5183
-17601
-300
-9283
-18293
9266
8211
-10573
2138
10941
4814
6559
6343
28914
23812
-18681
-2131
6161
-11219
-4754
-2262
12827
6415
4475
17060
-8929
-4832
-762
-11790
6414
8833
