7655
340
-11419
-1840
0
-1840
-11419
340
6688
-19259
-1960
20758
13377
20758
-1960
-19259
6688
340
-11419
-1840
0
-1840
-11419
340
6688
-19259
-1960
20758
13377
20758
-1960
-19259
6688
340
-11419
-1840
0
-1840
-11419
340
6688
-19259
-1960
20758
13377
20758
-1960
-19259
6688
340
-11419
-1840
0
-1840
-11419
340
6688
-19259
-1960
20758
13377
20758
-1960
-19259
6688
340
-11419
-1840
0
-1840
-11419
340
6688
-19259
-1960
20758
13377
20758
-1960
-19259
6688
340
-11419
-1840
0
-1840
-11419
340
6688
-19259
-1960
20758
13377
20758
-1960
-19259
6688
340
-11419
-1840
0
-1840
-11419
340
6688
-19259
-1960
20758
13377
20758
-1960
-19259
6688
340
-11419
-1840
0
-1840
-11419
340
6688
-19259
-1960
20758
13377
20758
-1960
-19259
6688
340
-11419
-1840
0
-1840
-11419
340
6688
-19259
-1960
20758
13377
20758
-1960
-19259
6688
340
-11419
-1840
0
-1840
-11419
340
6688
-19259
-1960
20758
13377
20758
-1960
-19259
3344
-14193
-15395
-16742
-7820
10766
2981
2408
21940
3170
-11820
-2054
-13430
-9485
-5715
-14301
9088
595
-23362
2172
8511
6889
16722
-593
3764
15438
8023
12753
-4055
-12040
16163
17496
0
-17497
-16164
12039
4054
-12754
-8024
-15439
-3765
592
-16723
-6890
-8512
-2173
23361
-596
-9089
14300
5714
9484
13429
2053
11819
-3171
-21941
-2409
-2982
-10767
7819
16741
15394
14192
0
-14193
-15395
-16742
-7820
10766
2981
2408
21940
3170
-11820
-2054
-13430
-9485
-5715
-14301
9088
595
-23362
2172
8511
6889
16722
-593
3764
15438
8023
12753
-4055
-12040
16163
17496
0
-17497
-16164
12039
4054
-12754
-8024
-15439
-3765
592
-16723
-6890
-8512
-2173
23361
-596
-9089
14300
5714
9484
13429
2053
11819
-3171
-21941
-2409
-2982
-10767
7819
16741
15394
14192
0
-14193
-15395
-16742
-7820
10766
2981
2408
21940
3170
-11820
-2054
-13430
-9485
-5715
-14301
9088
595
-23362
2172
8511
6889
16722
-593
3764
15438
8023
12753
-4055
-12040
16163
17496
6816
6580
-8151
9121
12105
8605
30277
21841
8536
4583
-7693
-9125
-3669
-19670
-15677
21366
0
-21367
15676
19669
3668
9124
7692
-4584
-8537
-21842
-30278
-8606
-12106
-9122
8150
-6581
-13633
-17684
6996
12236
-24959
-751
3537
2717
27815
-1218
-2374
-1446
-9184
11955
6993
8396
0
-8397
-6994
-11956
9183
1445
2373
1217
-27816
-2718
-3538
750
24958
-12237
-6997
17683
13632
6580
-8151
9121
12105
8605
30277
21841
8536
4583
-7693
-9125
-3669
-19670
-15677
21366
5145
30
-2729
-616
-25324
-2130
28593
-5922
-13272
-9700
-9949
283
-7284
4287
1689
-859
8621
-7825
175
-1813
1006
24873
12995
15290
5840
-8308
9421
6228
-2899
-17222
-8427
122
-21788
9596
17868
-8645
5350
2750
3225
659
-6846
11330
-4926
-12838
9316
6719
12693
19377
14369
16662
-7188
-16760
7470
-12098
-17062
13404
-8715
-19918
-2677
-6486
866
947
-10719
-1431
10291
30
-2729
-616
-25324
-2130
28593
-5922
-13272
-9700
-9949
283
-7284
4287
1689
-859
10175
5208
1014
14411
-8452
-12304
10280
3448
-2865
1659
-2997
-7384
-1910
-2940
-19890
-10236
12932
771
-3537
-2873
-12299
5715
-1574
-9814
17438
499
-5366
14550
2329
3326
-6010
-13530
8388
2930
-9290
-8562
4735
23108
13840
-3846
-8632
5089
11915
4300
5625
-1290
-3174
-4041
1436
21334
3682
-2615
4518
-17553
-9657
-6922
-17439
1755
4575
-2308
5450
8668
-6810
-10569
11728
5208
1014
14411
-8452
-12304
10280
3448
-2865
1659
-2997
-7384
-1910
-2940
-19890
-10236
15204
-4496
-5939
-9
-17831
-2437
5820
-10671
4987
8392
-4938
-3090
-3989
15423
16487
10593
25865
-8645
-3106
20358
-23367
-3944
15462
-11828
-3305
-8237
-7535
-3926
-7410
16117
11006
-12368
-11729
-3773
-11160
-12318
8366
4211
-2910
6266
9381
-16
-13098
7068
8401
-5796
-3274
-16368
14369
18656
-22413
4574
9838
-11023
-11641
-21189
430
12977
-790
-11266
-8500
18566
15027
8184
17476
-4496
-5939
-9
-17831
-2437
5820
-10671
4987
8392
-4938
-3090
-3989
15423
16487
10593
20001
5902
-5218
10152
19437
-3538
-10342
31414
25639
-55
6444
622
-30824
-24464
15431
-14177
-11496
15529
-23837
972
6708
-12989
27792
7632
-8541
5479
-1172
3565
-7901
-1113
10709
5147
5981
-8233
-6714
11990
13570
-2163
-4168
-1920
-11270
13220
15669
-4210
4957
-5680
-12807
-7940
-2874
-3833
-10624
-2545
-22474
-11920
12089
-15217
-82
20761
13952
-4293
-17966
13091
-4220
-21201
14136
5902
-5218
10152
19437
-3538
-10342
31414
25639
-55
6444
622
-30824
-24464
15431
-14177
-13768
-6006
6648
7710
9431
4025
5222
-8480
-26398
-12291
5688
15429
-923
-14865
6254
7104
1436
6092
1207
-2921
-13089
-10808
-3871
-7681
1518
10706
5712
-7660
-1583
10659
-6230
-5290
7418
-3748
-3826
9771
10541
901
4466
6012
-2342
7234
554
-12918
7018
8287
-2479
15188
12932
-8824
-8095
-7010
4611
19654
-9882
-17359
9977
-1294
-7891
5723
-4515
-9728
6517
2372
-16040
-6006
6648
7710
9431
4025
5222
-8480
-26398
-12291
5688
15429
-923
-14865
6254
7104
-117
-7272
-14157
-10046
1372
4980
5907
5474
10644
-105
-17780
-2766
-6667
-10484
10231
-6828
-1
25816
1455
-11172
-10231
-9267
11746
8218
-12882
-6633
-4068
-22114
-10785
10936
7245
6649
-6952
-18559
7893
15136
-6772
-2531
11284
6700
12346
9937
-12853
-8496
-1114
-4051
1959
1800
2873
-9078
-11741
5753
-7362
-12845
-4264
2462
30124
22147
-6234
1185
7068
7000
13366
8036
-1671
-7272
-14157
-10046
1372
4980
5907
5474
10644
-105
-17780
-2766
-6667
-10484
10231
-6828
-2039
1074
-10986
7368
-9749
-9805
14493
4128
-3983
11215
31076
27253
8264
-3988
-1648
16743
15806
3015
9691
-436
-15955
10651
8850
-11914
14636
-3811
-24120
10740
1749
-8769
-4004
-13130
-13166
-8430
20814
16700
-13592
-8734
-2868
16618
12604
-4565
10546
-3279
-10297
3349
-476
-2464
-4311
-11848
-17838
2537
4807
-12649
-2536
-13303
-6015
6612
-7692
10876
282
-9308
-319
-22463
-4078
1074
-10986
7368
-9749
-9805
14493
4128
-3983
11215
31076
27253
8264
-3988
-1648
16743
8505
7431
30656
-4417
-6547
1286
8860
30223
-9546
-12322
165
-16907
12116
16013
3361
6105
-7185
-9931
-4574
6002
9050
-8445
-16297
-5606
-13098
-6658
21722
-9625
-720
32343
-22774
-17895
10291
-11519
-6767
-5747
-3615
-11147
-4105
4351
-22069
4413
7150
-16582
-273
-5112
3619
-2786
-4311
25840
9422
1635
1110
-496
13920
-804
-12768
-13517
-299
13123
370
-8188
1914
18922
1203
7431
30656
-4417
-6547
1286
8860
30223
-9546
-12322
165
-16907
12116
16013
3361
6105
-5146
-8588
6649
-5088
13142
10453
-18050
7777
6435
-1276
25206
10647
-7071
-13790
-13246
4670
-1437
-4085
4751
12645
14042
-13808
-13044
9833
-5739
-15799
-543
4097
-12143
-22053
1779
23655
11728
-6246
-10088
-1536
-312
-4313
12361
4301
-12184
12736
2280
-10268
9102
-13525
-14036
1003
-7185
12380
2053
-11258
19110
18555
3868
-3432
-11506
-7355
-7321
2730
10110
-12268
-5619
19191
-3108
-8588
6649
-5088
13142
10453
-18050
7777
6435
-1276
25206
10647
-7071
-13790
-13246
4670
-2273
14394
23498
-16648
13655
1892
-13497
21669
-3377
-3869
17106
5770
12653
20717
6003
-9746
1436
4613
6068
5805
-22484
-7609
12445
5601
11853
10491
13722
-7310
-18202
7142
-6121
-20139
-14137
-4628
-3754
-12989
-6021
-7902
10455
12062
-13868
14987
9143
-16581
4097
848
-5599
-341
4310
-547
-20763
-16349
-2396
-5030
-11088
-5718
-6107
-15821
-10536
6158
18694
-6695
-4096
25756
-3108
14394
23498
-16648
13655
1892
-13497
21669
-3377
-3869
17106
5770
12653
20717
6003
-9746
2038
-22401
-16223
5964
4261
-4772
-6701
9428
4229
-4956
6235
-1262
13213
20510
-6930
-13748
-2874
18532
6909
-13093
-652
-8303
-11860
-16778
-16074
10848
10517
12263
2388
-7135
16320
2695
11728
29614
-1414
684
-8471
-11894
19669
-7138
-4230
22863
-17582
-10099
13000
-13722
-122
7388
-11496
-3895
3294
-1024
-23880
-19415
6320
-6798
4577
6293
-14732
14691
11632
-12175
6290
16818
2640
-22401
-16223
5964
4261
-4772
-6701
9428
4229
-4956
6235
-1262
13213
20510
-6930
-13748
-2039
4693
110
9496
14037
18202
-1348
-25574
-2125
-71
-79
7095
-6571
-11991
-12372
10716
11495
-11954
-1215
5179
5494
-5751
-20014
-3901
5347
2112
1440
10956
17392
2006
-2941
9086
9825
-5421
-16424
-14508
1317
-124
-15506
13424
16494
-5713
7533
-5229
-6813
3131
1773
3056
-14370
7266
-4478
-12836
42375
-3392
-16259
18970
-25466
-10541
1615
-13048
1738
-5452
9185
10100
-1204
4693
110
9496
14037
18202
-1348
-25574
-2125
-71
-79
7095
-6571
-11991
-12372
10716
13767
20570
-3497
2370
-2805
-135
4497
-1596
-5420
-13355
-13893
-9050
-2973
-5177
-7281
-5329
-4311
11549
11141
-2892
-1024
439
-7480
-7281
5564
-13219
-11006
21659
-8426
-5986
27742
-2764
-4545
22355
15394
3088
6171
-300
-22538
-9224
11167
-3876
-19211
-6751
9417
-7466
-11439
-4036
-1437
14928
2044
10536
20648
-21993
-14427
18726
17427
1688
-3967
5421
-9516
-29
7931
-12887
16039
20570
-3497
2370
-2805
-135
4497
-1596
-5420
-13355
-13893
-9050
-2973
-5177
-7281
-5329
-2273
-3675
14769
-557
3045
14388
-1935
13901
16566
-10061
-9648
-10628
-7677
19171
2882
-24652
2873
3030
-18937
-8931
-14018
-14856
2378
-5122
-18599
4567
13020
-25746
-14721
14046
604
8362
14602
11866
7331
-4991
6622
4381
-3713
8508
12172
2997
-8603
-8048
-9712
4340
21150
15158
17243
-12692
-12977
20312
-12894
-2859
19814
-13912
-10141
-797
3546
-5426
-31118
-10863
16295
18773
-234
-3675
14769
-557
3045
14388
-1935
13901
16566
-10061
-9648
-10628
-7677
19171
2882
-24652
9456
-725
15153
14007
2614
9526
5952
-2884
10416
6344
-16583
-11091
1607
-2745
-5446
5934
2873
-15707
497
7331
-14719
-10576
-14425
-4347
24623
-5630
-19417
12775
3667
-16032
-1814
10486
-7419
-11825
6375
-7434
-15794
-2071
-2803
-2802
-7543
-3656
4350
-4533
76
-406
3619
10733
-5748
15848
17919
-22690
-6590
4443
3842
17454
-10254
-7644
14693
2107
6144
-5136
-11921
20929
16039
-725
15153
14007
2614
9526
5952
-2884
10416
6344
-16583
-11091
1607
-2745
-5446
5934
-8739
-10747
4592
-2002
-515
2245
-3052
-10475
15304
8611
-9432
8464
-7139
5722
5106
-33302
-4311
3275
-16465
1068
10863
-3534
-14847
9027
15323
7233
11837
-16575
-18291
13213
11971
3060
233
-3816
17268
37287
5072
-6762
8653
-3812
4813
651
-10607
2728
-11296
-6520
14931
12464
7184
12969
10861
-16798
1822
17862
-7014
4245
-6702
-14814
-8058
-17543
7984
-2605
-15752
-835
-20351
-10747
4592
-2002
-515
2245
-3052
-10475
15304
8611
-9432
8464
-7139
5722
5106
-33302
-8739
-9558
-1586
-2894
-39081
-5837
9627
-129
9730
44
7671
4459
1713
4444
1767
10391
-1437
-674
-12424
-12739
25611
6341
4067
23108
778
14746
24679
-545
4185
16246
-3748
-712
16039
-7013
3050
18871
-4931
319
-696
-17080
-6857
-1615
-12152
56
8098
-12848
4345
13068
-1437
-268
-27306
-16353
-4593
-10776
12373
-22829
-15149
20592
6568
25398
-2502
-14151
6750
-22079
-13166
-9558
-1586
-2894
-39081
-5837
9627
-129
9730
44
7671
4459
1713
4444
1767
10391
1553
-21778
-15335
3376
3166
-11094
-20894
-3885
9647
-10132
-12856
1039
-4128
3393
6518
-11391
-21555
-9086
19193
13582
11336
30093
10250
1294
8293
2730
-5425
-14548
2469
-934
-6026
13547
-1671
11669
19996
-12038
10854
17164
-6762
9185
1848
-25388
-10582
11859
7350
6726
197
-13192
-4311
-6644
-3534
19058
14877
-168
1843
10545
-8294
-21267
8539
8786
-11441
-11274
-8123
8756
4544
-21778
-15335
3376
3166
-11094
-20894
-3885
9647
-10132
-12856
1039
-4128
3393
6518
-11391
-2758
619
-1587
12294
-960
-9228
-3960
-13979
-15232
-3913
-623
9867
3482
-12605
4514
6265
-1437
8051
1616
-4624
10
7156
-8264
-4932
38427
12035
-19311
2499
-1185
1285
5262
1115
-13166
-24823
8237
4645
-9202
2168
-8311
2271
9484
17147
13184
-12139
8361
6796
6673
13920
-18681
3331
1545
-21356
10150
-1009
2592
11947
-26932
-12451
8431
-7447
836
5433
-10006
-353
16039
619
-1587
12294
-960
-9228
-3960
-13979
-15232
-3913
-623
9867
3482
-12605
4514
6265
-8020
-11937
4338
-3293
-4624
8733
15642
17463
3910
-17343
241
7083
-7469
13774
7173
-15709
-7185
-4683
1301
3200
5031
151
-18013
-5602
-10152
-21113
-1292
1066
5298
6043
6705
12905
-11263
-11014
1365
-6118
-4347
-10795
-349
-2385
-26903
-570
-441
-24200
9993
15922
1581
3582
-18681
5403
32242
-5984
-1810
15340
-2044
2715
4403
4352
8225
3856
9420
7729
12292
11413
-14603
-11937
4338
-3293
-4624
8733
15642
17463
3910
-17343
241
7083
-7469
13774
7173
-15709
2272
-1488
2096
27041
5355
-8374
-8042
-13809
6773
19089
-2615
-13736
14472
1391
-20786
15551
8621
2350
13454
-11234
7420
15630
144
1548
-9648
11644
20487
459
615
-8803
-8051
12182
22758
2865
-15397
-999
-11308
-23614
-10630
-4388
-1026
-16829
-22511
-7183
-11599
-7048
5843
-1273
-2874
-7430
-19779
12041
27270
-17954
-12595
15365
-1849
-8810
1270
8471
2258
1389
8128
5941
11728
-1488
2096
27041
5355
-8374
-8042
-13809
6773
19089
-2615
-13736
14472
1391
-20786
15551
4427
1688
4256
-2579
3636
-5091
-10026
-5845
11926
29238
-12058
-16543
9598
-12637
-3046
13579
-5748
-19423
-5974
11061
-14307
-22289
3131
16580
23258
-52
-10898
13799
9493
-5486
1564
-851
-11729
-2135
1785
-6513
-6162
-4913
4147
7900
8191
1911
-13161
-1336
-3009
-2371
10916
-13052
-5748
3965
-13248
3260
-412
-14169
-3699
2234
2606
2456
14808
13708
1160
3317
8505
10572
233
1688
4256
-2579
3636
-5091
-10026
-5845
11926
29238
-12058
-16543
9598
-12637
-3046
13579
4194
7070
19988
7617
1640
2196
-9144
1137
-17254
-17727
19497
1072
-14772
9974
17693
-8073
-15807
14577
-3734
-17012
6277
-24747
-24672
2634
502
25554
17562
-6985
-4205
-8733
10901
16042
5981
4223
-20389
-15138
-2482
2822
23119
1034
-11487
863
-4284
6174
5800
-2983
-8058
-14781
1436
1736
-6376
-7476
-11184
5437
186
-3714
10993
-8548
-10771
3990
7427
11269
1468
10479
14136
7070
19988
7617
1640
2196
-9144
1137
-17254
-17727
19497
1072
-14772
9974
17693
-8073
835
-5340
1992
23763
-8239
-18639
-5936
4439
9226
2286
3222
7544
6921
-13104
-19237
1859
-4311
-15198
-12773
-19225
-14913
-1143
-2514
-3042
2617
-8786
-3636
18290
8986
-11738
-11781
5690
5514
-582
-726
-23887
-16293
6326
518
2127
-605
5343
6774
704
13544
5572
-1218
-9453
-7185
21300
7440
4764
10703
-5733
8627
6244
255
5735
-2298
-462
-714
10702
8545
3628
17476
-5340
1992
23763
-8239
-18639
-5936
4439
9226
2286
3222
7544
6921
-13104
-19237
1859
10893
6980
-24707
216
15421
5335
12954
-7751
-13447
14464
9338
11222
11722
-11345
-8318
2844
-1
-3142
-618
-4167
-5319
704
-9403
201
6856
-18100
-14862
-6841
-4352
-3489
-16214
-6643
-5982
-10568
-5411
-3439
16888
3853
-9121
11569
-924
392
5261
-8863
9092
8615
-11909
-10278
8621
23432
-5148
-17445
13243
6140
-9294
516
-9731
-10094
13152
9687
780
9808
5319
6170
26098
6980
-24707
216
15421
5335
12954
-7751
-13447
14464
9338
11222
11722
-11345
-8318
2844
-2039
14267
11281
5509
5161
810
-2933
-2013
4566
-1889
-7512
-481
111
-12933
-14041
14554
2873
-21226
8764
4161
-19017
-8456
-9495
-883
5594
-21537
-28228
3745
16233
-3183
-6294
-1020
-4545
2566
3369
-12055
-6004
13140
6507
6839
6928
-10462
-1623
1858
9845
26172
1375
2731
17243
3445
-713
-2927
14109
15401
-7261
-6144
-17090
-13942
3162
186
14044
17816
-2350
-14067
-4078
14267
11281
5509
5161
810
-2933
-2013
4566
-1889
-7512
-481
111
-12933
-14041
14554
13767
10581
-6388
1760
-3696
-8666
-507
11744
16062
10772
11051
-3040
-4715
6475
-2599
4245
2873
-16718
-3651
4231
-6009
11447
19008
2782
3561
-5490
-5590
10592
-10809
-11465
7497
-5499
-7419
-5898
-7997
-5326
-862
2080
-19894
-10536
18424
-291
1108
21042
-2224
-16071
-1295
-1217
2873
-90
-19532
-1038
-6678
-29462
3075
-3159
-15058
8525
-3492
2894
11998
-1719
6206
16500
24661
10581
-6388
1760
-3696
-8666
-507
11744
16062
10772
11051
-3040
-4715
6475
-2599
4245
-3476
-6752
-23714
-2339
9748
-13968
-7179
-14903
11607
27894
-14437
12116
22332
-10984
-321
7611
-5748
-20400
290
14473
-217
5881
-908
-6188
-1098
-6101
2402
13407
6146
-9035
13613
19958
-13166
-3146
8362
12439
14781
4233
16909
-561
-14482
6470
5701
4337
-3551
-15958
-20298
-15628
-5748
-7751
2867
5378
4425
3355
-4760
11579
-7525
-13209
18525
-4308
-7686
13482
2940
-11395
-9826
-6752
-23714
-2339
9748
-13968
-7179
-14903
11607
27894
-14437
12116
22332
-10984
-321
7611
8738
14634
-15561
6072
14885
-1017
-3734
-6522
-1284
772
-15202
-9689
-320
-7516
-663
-3564
-7185
7143
10282
11894
10802
8880
3895
-931
12778
-8016
-22002
13277
10041
-994
5106
-17417
-14603
28114
26474
-20466
-16076
2051
-18969
291
21400
1438
-9846
-14072
3193
12279
-8024
427
10058
-7446
-9990
-3068
-3865
1202
865
-7154
-9905
-13652
1353
9315
-7168
8102
10025
-4382
23224
14634
-15561
6072
14885
-1017
-3734
-6522
-1284
772
-15202
-9689
-320
-7516
-663
-3564
3475
4387
-15598
3105
21107
18314
17819
-9728
6682
17839
-8458
14204
-7575
-12112
25485
-14760
-15807
4699
-21464
-20392
-19570
-20335
2400
15885
-3316
-13546
-8605
-19869
5221
28825
6344
-7792
5981
23878
-7911
-19055
11407
765
-5595
-11865
-3809
14065
-10033
6587
14019
-13048
7396
8230
-15807
-12388
2354
-5479
-12946
8066
3603
5114
23432
8439
735
-6481
-23163
-11875
11517
16305
14136
4387
-15598
3105
21107
18314
17819
-9728
6682
17839
-8458
14204
-7575
-12112
25485
-14760
-1321
-5705
-42238
-10331
-11586
3522
26055
-4419
11751
6010
-7553
23671
16044
2295
-2115
-442
2873
-2507
-2226
-8379
2981
13015
17321
11639
-1447
21401
14205
2943
3156
-5183
17351
-7555
-1671
27133
-18412
-12677
-7197
-14420
5052
1982
14113
-12146
-17361
5896
-14505
8243
2589
-11445
14369
-3903
-9876
-7453
-1443
4103
-3433
24480
4320
-30288
2986
6326
-21940
-11578
-5345
-14245
13165
-5705
-42238
-10331
-11586
3522
26055
-4419
11751
6010
-7553
23671
16044
2295
-2115
-442
13049
-2883
-13325
3174
4674
-1384
1517
3327
-12605
-13234
-9709
-18380
14457
16184
-13358
8537
2873
-8291
11463
3501
6292
12079
326
1479
-2114
-884
9880
815
-8010
1747
7458
1003
-8856
-6116
-2847
-8138
18317
25455
-7756
-1729
3982
402
4200
-16328
-14458
-13361
-24201
-10857
0
11951
-5106
-17537
16699
19107
8989
4837
-6508
1400
-6057
-10747
8009
3804
-7467
11053
23224
-2883
-13325
3174
4674
-1384
1517
3327
-12605
-13234
-9709
-18380
14457
16184
-13358
8537
-7069
-17564
18289
1501
2637
18331
12510
15969
-1181
212
6773
-12101
9324
8730
-11505
3774
-10059
-15761
-712
-807
18141
29864
18217
-5122
-8632
15503
405
-8088
6121
-11835
-10468
-2305
2640
21863
4292
-2794
15447
-1790
-22813
-15836
1180
371
-811
760
-15915
10651
34043
-7695
-10059
6011
-12058
-3022
4008
-8755
1897
10521
-2865
-7271
-4686
-11335
-16776
-25575
-10388
13580
-17011
-17564
18289
1501
2637
18331
12510
15969
-1181
212
6773
-12101
9324
8730
-11505
3774
-19516
12638
4062
-13777
-10604
-10688
10462
998
267
-10443
-22181
-1850
-20228
-7262
9275
-3515
-2874
-23509
7888
21845
-9683
6006
-7438
-3829
7861
-17244
565
1849
-3719
6204
-6774
7378
11728
-15964
-11965
14773
10459
-10370
-646
-470
-20385
-2405
24967
15716
1444
-8153
558
27002
-2874
-11360
27069
-6511
-18913
5024
-3076
7722
12255
17538
15575
2437
5258
1006
20628
-803
-28973
12638
4062
-13777
-10604
-10688
10462
998
267
-10443
-22181
-1850
-20228
-7262
9275
-3515
1553
10199
4343
5455
-4850
821
-3464
-12617
1692
-1495
-3798
-14800
-11725
-3738
-24505
11206
12932
-22287
7725
4773
3311
15449
1152
7627
1529
-3977
-8608
187
24587
15728
18989
2732
-5982
18838
197
5833
4849
-21787
-7076
-3886
4054
5419
1455
25346
13407
-6035
-13626
-19007
4310
13244
-74
-3577
-3312
-5148
10083
14519
-13026
-11816
-1245
-15091
-14775
-3423
-4550
-8706
5981
10199
4343
5455
-4850
821
-3464
-12617
1692
-1495
-3798
-14800
-11725
-3738
-24505
11206
14486
3191
-6992
4310
3272
-1004
17959
18590
-15900
-13280
10719
6115
-2275
-6452
2404
8633
-11496
-6363
19176
15244
8447
682
-10969
765
1180
-10475
-4929
-2039
-8364
-16303
1747
18165
-1671
-275
-1142
-11475
8572
-2622
-19846
2052
-1345
-30299
-14763
24334
8370
-5981
8546
-2072
2873
2467
-6980
4806
-8797
-6216
661
-17940
-1181
12413
4907
1316
2267
11532
-506
-1839
16039
3191
-6992
4310
3272
-1004
17959
18590
-15900
-13280
10719
6115
-2275
-6452
2404
8633
-13768
-2600
9498
-2549
-9951
7059
10279
9309
6928
-2722
6018
10389
-10067
-13263
3110
4360
14369
14540
-8274
3602
9033
2993
21604
6767
-15058
4803
31368
13322
-20454
3911
9319
-10386
10291
364
-6435
-3929
-35047
-11306
13567
-6224
4566
5729
2012
11743
-9558
-4248
19499
4268
2873
-2416
-24925
-20799
-21516
-9514
11040
3319
3561
-12941
-20761
15971
17086
-3389
-7952
-16178
-16040
-2600
9498
-2549
-9951
7059
10279
9309
6928
-2722
6018
10389
-10067
-13263
3110
4360
5631
6363
5833
-17292
3199
8888
-17242
-17981
-1766
-6018
-5739
-15421
-29401
4836
3737
-10497
11495
6440
16385
6629
-7295
16177
-149
15783
22435
-21094
-2420
8380
-1176
3492
93
15623
5981
-16200
-2341
7938
-3200
3878
20407
-10166
-18353
9217
-2628
-5331
-2418
-4075
16974
13256
-2874
1
2127
1236
7294
4491
-13528
-19834
-13814
-3098
275
5729
10001
-13302
1199
21942
-3108
6363
5833
-17292
3199
8888
-17242
-17981
-1766
-6018
-5739
-15421
-29401
4836
3737
-10497
-2758
-2592
21783
3726
1537
7871
-7175
21343
28676
-9050
-7361
5102
639
266
-1687
-5852
-5748
-46
19783
16573
-10452
12233
14010
-16025
4824
-1548
-7945
9471
-3221
5963
5315
1483
5514
-4846
9397
-2451
4559
9833
-37326
-5769
8684
-12043
24131
4119
-14168
9991
4042
-11312
-17244
8006
7909
-9661
4355
-10097
-631
26820
-7699
-21896
1274
871
-6243
-15046
-22535
-15454
-17011
-2592
21783
3726
1537
7871
-7175
21343
28676
-9050
-7361
5102
639
266
-1687
-5852
-3476
-6647
-13561
4390
12799
-9248
5198
15373
-19964
-13523
16168
1909
-4515
4417
-4343
2400
-1
-13536
6613
2030
-11872
9022
1915
-7076
8467
1590
451
11712
-2600
-6277
8145
2250
6951
10972
-8682
-3958
3457
-3664
-4087
-4708
2720
5836
4725
-7113
-15111
17773
16074
-4535
17243
5874
-22635
-19786
-4387
14319
14216
-2163
-14216
-3461
5422
-8813
-768
9535
-2634
-4911
-1204
-6647
-13561
4390
12799
-9248
5198
15373
-19964
-13523
16168
1909
-4515
4417
-4343
2400
2272
-6820
13177
2929
-20404
-5327
3207
-2508
-2300
-3077
2906
-10303
-6270
10733
-8774
-6237
-1437
-7673
6611
4999
-2692
-6268
-4700
-3330
2792
13067
-5179
-1565
-2959
-19341
13205
13161
-7419
-5903
-4740
9220
-2095
-6758
-2745
4544
22416
-20437
-16656
19247
-18610
-6922
8274
-16125
10058
25885
9336
507
-3550
-3035
-526
-6693
-5667
9715
-5459
-13543
10594
9161
15046
28677
4544
-6820
13177
2929
-20404
-5327
3207
-2508
-2300
-3077
2906
-10303
-6270
10733
-8774
-6237
-8739
-2382
-13172
-15905
26807
23810
-17284
7909
16494
1299
9573
-9701
-12872
-7136
-16548
2285
11495
8545
7129
-10965
1719
17363
-5717
-946
-586
-10105
13687
-8038
-15414
3367
-29782
-10761
7418
-12516
8384
1259
-12932
-18748
-10686
19565
-2125
-3704
-2126
-33399
-14185
5962
17622
14724
-2874
9323
4391
-1749
-4101
5515
30317
6175
-2289
12903
18113
26355
-3515
-10513
9081
-9807
-16040
-2382
-13172
-15905
26807
23810
-17284
7909
16494
1299
9573
-9701
-12872
-7136
-16548
2285
10175
-14528
-10902
16982
1336
-16837
-1041
-5938
-761
6739
-10929
-3078
7922
-5184
-13829
-7127
-11496
-21165
-4865
6525
11847
15606
2989
-2425
-4147
-5515
-4367
7901
10949
-9820
-2345
-5885
-11729
16726
7160
-1262
3714
-2792
5581
532
3634
-2344
-17156
-2319
-6240
-2553
3977
-9396
-2874
4177
17431
23199
17589
19222
4662
808
-4476
-11848
633
-3942
-1138
7116
2
8408
8855
-14528
-10902
16982
1336
-16837
-1041
-5938
-761
6739
-10929
-3078
7922
-5184
-13829
-7127
-12331
-15165
15032
13072
-5974
3123
7181
-1019
11588
11775
9901
11763
-14110
-11305
1277
-1698
8621
-6544
-18578
-9085
2608
10903
-10016
-17059
-11589
-7443
905
-11095
6003
13138
-13943
-6925
1670
11164
8295
-6567
10879
11089
12032
13679
-2967
8925
-1611
-6200
19016
-13827
-25183
9701
-8622
-10467
24686
10526
-1767
5104
-6121
4834
2966
-20003
-4147
9078
-5162
-13468
281
9978
-13166
-15165
15032
13072
-5974
3123
7181
-1019
11588
11775
9901
11763
-14110
-11305
1277
-1698
11379
1122
8
17499
-11860
-10501
3803
-4878
92
-8836
6162
15496
-13547
-8287
2182
731
1436
1228
7643
9083
5164
-21350
-9097
29978
-1777
-13427
-12550
-36098
-7186
-4546
-21252
5125
5981
-11931
-5793
15892
11859
-6471
4179
-583
-14463
6681
16805
2102
6114
11174
3978
16606
12932
-3206
9636
2170
-5165
8693
-10383
-17955
4650
5372
1078
-3157
-8375
8292
3594
-6036
14136
1122
8
17499
-11860
-10501
3803
-4878
92
-8836
6162
15496
-13547
-8287
2182
731
8505
18558
19599
-16969
-32897
15218
3244
3399
14462
-20933
12032
18008
-24473
-10343
9127
13933
2873
-1540
6603
4551
-7410
-30246
-4029
21638
1446
-3330
-10614
-2522
-927
-13362
9303
-211
-18448
-10706
-7207
10143
5841
2509
16952
2538
-93
4323
-5894
2997
-11410
-38748
-7681
7417
-11496
13073
22632
-2678
-11518
-697
9205
-7558
-4321
6708
-2668
12826
13816
533
-1636
1455
15573
18558
19599
-16969
-32897
15218
3244
3399
14462
-20933
12032
18008
-24473
-10343
9127
13933
-2039
-2129
-4608
-4310
-5692
-19180
3728
9295
-5739
-650
-7740
-5511
8065
18537
6696
-7131
-2874
-11218
5713
7515
-1595
23374
6301
-6225
-5758
-13553
10684
580
-16297
7368
20794
4336
-4545
6323
-12716
-12775
4007
-5078
1322
-4290
-11506
-18019
2945
41455
-1620
-2489
22740
-6645
14369
10098
-8017
2676
-8218
1450
-1252
-689
9
-19629
-9258
-13377
-1645
24787
8642
-4912
-6952
-2129
-4608
-4310
-5692
-19180
3728
9295
-5739
-650
-7740
-5511
8065
18537
6696
-7131
-4428
-8800
-5743
-14023
-155
19545
18354
10343
14390
4945
-2411
11435
5119
6235
-2044
-18329
0
-19252
-16681
19905
-16767
-25142
4250
-9449
-9629
-983
-7392
-1827
14474
17361
2990
-153
11728
12715
-388
-8465
-14709
-2752
23227
1856
-14391
10998
-2482
-21579
3995
13838
-2002
5290
5747
-16357
-10691
-12025
-14354
16147
7292
-21758
-13364
7205
11297
3584
10897
10269
5407
9204
-5982
-8800
-5743
-14023
-155
19545
18354
10343
14390
4945
-2411
11435
5119
6235
-2044
-18329
-7787
-1825
-1142
1000
4843
10754
20352
-1752
-9876
5507
10049
11543
-4867
-15637
-14919
-846
15806
16151
14389
-24626
-15751
40579
11598
-16086
-3305
9265
8647
-6599
12699
11185
5351
14029
-4545
7912
1974
-12901
5666
-467
9498
10754
-21739
-26516
-10421
-8947
-13075
5059
-5259
-19998
-7185
-15710
-360
5611
-6255
1856
-5567
12429
430
-20568
22843
11924
-6255
18431
1934
-21526
-15574
-1825
-1142
1000
4843
10754
20352
-1752
-9876
5507
10049
11543
-4867
-15637
-14919
-846
601
7808
-1927
-9855
-3754
-5093
-628
-10822
-13291
-17248
2048
10841
-18650
8855
16465
-17142
-10059
4481
17216
13808
4806
2350
-2141
712
-2270
-981
-11162
-7364
8325
-3227
6643
-4437
-17011
8348
7889
14714
4944
-11901
-1642
-12846
4669
22815
-4499
-7586
19142
7592
-19069
13512
7184
-19728
14386
2280
-11745
1821
6092
13914
-12101
-5498
10533
-585
8425
-401
5772
847
-14603
7808
-1927
-9855
-3754
-5093
-628
-10822
-13291
-17248
2048
10841
-18650
8855
16465
-17142
2757
-9305
-6281
13700
-7500
-6988
-13903
-30773
11095
3506
-5461
8486
-25085
4375
15276
-8591
25865
7753
-12973
2310
-9088
-10399
-420
13576
6003
-4953
585
-10052
-3584
2689
7271
24218
10291
-5213
4580
15745
-15000
-27699
22452
7967
-19718
6225
-313
6852
16462
-5295
489
524
-11496
-7895
-13081
-11462
2846
489
-4763
-518
8365
19401
9949
-2591
-5039
-12682
-3414
16584
15573
-9305
-6281
13700
-7500
-6988
-13903
-30773
11095
3506
-5461
8486
-25085
4375
15276
-8591
15923
8019
1616
-3137
-22416
-10394
11037
8866
-2372
14114
24527
-9545
-10496
-8767
-21597
-7180
-10059
-3349
181
-18034
-8932
-2545
-12606
-8750
3561
-10883
363
28846
-9865
-6137
18171
-7839
8388
13121
-2332
-18055
-25804
16410
9481
-6552
8119
-3987
13518
17778
3905
11500
2099
-2273
1436
8466
10634
7311
5419
-12890
-7914
1330
-15058
-9249
20463
27347
-790
-3439
1325
-10122
5981
8019
1616
-3137
-22416
-10394
11037
8866
-2372
14114
24527
-9545
-10496
-8767
-21597
-7180
-9457
6639
9703
-6719
11133
8870
-12920
13613
22416
-3157
16565
30135
-25970
-34153
-6240
-21861
-5748
6494
-250
45
-17635
-5247
-132
-3830
4146
-8833
505
-4700
-13878
1560
-5052
9
8855
11065
-2817
-19250
711
6356
11549
2316
-2300
23523
-14388
-16116
22254
3997
2067
-7893
0
20773
-2573
8446
17285
-3212
-14060
-12684
4475
-1001
-6748
1421
6097
12301
1791
-8924
-8856
6639
9703
-6719
11133
8870
-12920
13613
22416
-3157
16565
30135
-25970
-34153
-6240
-21861
-2991
7865
1016
1480
2048
-18773
-5718
7269
3387
-934
4056
17191
3131
-313
7003
-5146
-2874
6702
4585
7632
20567
10691
-12069
-11291
1025
16275
7516
-13068
-6122
1500
5972
13466
14602
7431
4180
2728
-15084
-3371
17240
1192
-9136
-4867
5523
-4008
-12102
-6214
-19232
-3256
-11496
-25548
19654
3615
-13281
11013
-1139
154
-6774
-18424
-12046
-4079
9343
-6033
-3557
9103
-234
7865
1016
1480
2048
-18773
-5718
7269
3387
-934
4056
17191
3131
-313
7003
-5146
-4913
-6560
-4113
-12093
4888
5752
-14601
-8230
12274
4662
915
17259
152
-715
16735
3449
-7185
-17757
-415
-1999
-42537
-873
25047
-14169
-431
290
-30980
-21835
-10470
-18889
-3120
16251
1203
1102
6682
-554
27974
35292
2338
-1211
-3653
-13463
683
5417
5943
13023
690
2909
12932
2418
2606
1102
-1823
916
6838
19433
3304
157
1627
-23183
4372
17628
-10939
-5546
-6952
-6560
-4113
-12093
4888
5752
-14601
-8230
12274
4662
915
17259
152
-715
16735
3449
116
-18478
-16534
-740
-2494
-13023
-10094
572
-7206
-10488
1967
16283
9145
-10942
-2666
-4024
-18681
-2561
8997
3502
4601
11461
4466
-14256
-4147
901
-12179
14576
13731
-18028
4579
-1892
-18914
21346
19038
11076
21769
-9829
-17562
563
21575
18825
-14449
6114
8447
-15391
9381
-1691
-10059
17753
16948
14430
10609
8760
7628
-6766
-4476
1846
-3791
-13104
-8333
-5151
-18728
-1659
7418
-18478
-16534
-740
-2494
-13023
-10094
572
-7206
-10488
1967
16283
9145
-10942
-2666
-4024
-9943
-12096
3268
18378
4393
-6745
13849
-11542
-36192
2787
-4104
-1141
6747
-14678
3132
-18164
-15807
10556
-14718
6063
6780
-4338
18009
8302
23012
18983
-10534
3496
5070
2046
10139
-3204
-7419
15057
6356
-8365
18947
15768
-4700
-14603
-15540
12453
4904
-4581
9160
4006
4754
-1116
12932
13615
-26028
-16334
4367
1792
3960
5726
-5769
-22110
-5131
-4254
-9484
8880
-3165
-4653
-1204
-12096
3268
18378
4393
-6745
13849
-11542
-36192
2787
-4104
-1141
6747
-14678
3132
-18164
-3476
3923
810
17707
-918
-13597
11094
8304
-6755
2876
9042
6828
9078
-6014
-13414
779
-11496
-16372
-2351
-20621
-22118
5481
3742
-3924
4229
7606
-5425
-17571
54
2520
-8338
13148
5514
-15144
-2488
-2049
-5673
-6792
-389
5449
-10490
992
15807
4061
-4173
6918
25055
-10574
-20118
14617
-4103
9137
11463
-19877
16672
12509
-4230
14388
-11297
-10386
787
-4525
11557
10187
8855
3923
810
17707
-918
-13597
11094
8304
-6755
2876
9042
6828
9078
-6014
-13414
779
-12098
-23351
-5688
17053
-5015
-2648
-5348
-11403
430
-9639
4273
5974
-8785
4177
-5479
-10942
-4311
5927
21076
9035
15537
17918
-1959
7951
9237
-6590
-12539
-2445
4240
-3139
12588
10963
-4545
801
-15202
-5039
18338
2233
2638
459
-3305
11108
4852
3628
-11682
-19996
19001
2657
-18681
3079
-19813
-618
34365
-439
3271
9074
-23608
-17222
45
-7967
-12514
14780
21265
-5396
-12700
-23351
-5688
17053
-5015
-2648
-5348
-11403
430
-9639
4273
5974
-8785
4177
-5479
-10942
-5146
-15733
-421
16918
-3289
-3880
-252
-483
-1591
-19690
-119
17264
-10162
-21747
-11131
-5937
1436
6602
-6633
3641
17155
-9874
-10377
-4059
-8715
12074
496
-7520
15300
-1253
-5830
16709
3107
-2292
11074
2451
10719
19757
-1604
-15824
-24275
-9002
6708
-11112
-2032
-1278
-16701
7292
7184
-7542
17286
24203
-1596
-4346
-9077
-25635
5840
20717
6093
17786
-3108
-8503
20481
10280
-5982
-15733
-421
16918
-3289
-3880
-252
-483
-1591
-19690
-119
17264
-10162
-21747
-11131
-5937
5631
449
4715
2995
-1325
13175
-17183
-31163
-1940
-1779
1257
-3226
-21896
-10362
4524
-1848
-5748
4266
-6264
-7480
12997
1624
5548
7052
-6683
21602
17119
-4744
-2599
-14761
-425
7245
-9826
-1661
10790
10004
-7647
-5673
10407
-9964
-12431
1944
-12948
-6831
14608
-3728
-14763
18983
22991
-5214
-3495
-3279
-9775
1827
3607
4368
3808
-11484
318
20685
15632
9765
-3215
-2806
9825
449
4715
2995
-1325
13175
-17183
-31163
-1940
-1779
1257
-3226
-21896
-10362
4524
-1848
835
13920
-6758
10430
20745
-16913
3926
3978
-7031
11340
-14043
3240
18003
-18440
-11354
8503
14369
3326
-13943
-16282
-12059
-3980
-17872
-11212
11588
-7435
-10449
3448
-1027
2059
8216
1062
-7419
3926
10599
-4404
-773
18725
14376
10084
15652
-5490
-16487
-5161
3652
4701
-25372
-21975
2873
-11464
-3080
3656
3581
10587
2646
13079
-2967
-8127
19668
5069
2361
3257
-9057
-3523
7418
13920
-6758
10430
20745
-16913
3926
3978
-7031
11340
-14043
3240
18003
-18440
-11354
8503
10175
26643
2157
1202
4737
-14229
-8886
-24688
3129
26516
-10818
-6
719
-942
18151
2330
-1437
-1169
5407
567
-12863
7749
-3392
-7079
4998
-14789
-10405
-7299
-10702
-1557
6309
6782
-8856
7983
21060
6304
7948
-6633
-9168
6107
5491
3044
-8817
1229
16031
5312
4774
-6734
-7185
13336
-14052
-20482
17419
-5760
-20883
1342
-13621
-6061
3968
-4510
11194
6532
1596
-1055
5981
26643
2157
1202
4737
-14229
-8886
-24688
3129
26516
-10818
-6
719
-942
18151
2330
-5146
7961
20923
5150
10253
18903
5779
995
-6353
-2509
12359
12613
2723
-5919
11277
1743
-10059
20941
2214
-6514
16919
1754
-7283
-25733
-23433
7413
3671
1201
-4025
-12758
-5338
6102
3107
-11605
3486
273
-6045
9049
-17534
-15533
3478
1095
12944
973
499
-4112
-15213
9162
-7185
-13332
14307
4800
7611
17946
-2272
-16133
3315
9655
-12430
-5610
-4946
-21501
-3908
3511
-8856
7961
20923
5150
10253
18903
5779
995
-6353
-2509
12359
12613
2723
-5919
11277
1743
-3710
3617
13882
9834
2416
20218
13135
-3790
-6004
4594
9023
-16354
692
24663
-3577
-2714
4310
-12304
-12035
-5971
-6846
-9868
3496
4021
-16002
-3469
14322
4019
-9523
-3577
-754
-9058
233
-11486
-19408
2744
-11039
-15901
191
-7050
-8366
-1799
1373
-8135
6245
31481
14127
26230
15806
-39711
-8510
16977
-1777
10163
-7012
-3985
18875
-15973
-10146
24635
8331
-3649
-8115
-8420
2640
3617
13882
9834
2416
20218
13135
-3790
-6004
4594
9023
-16354
692
24663
-3577
-2714
835
16464
-11941
22021
14835
-17464
-286
-5615
1097
4237
-9891
9387
12014
-18111
-21736
9880
15806
-7060
1528
11059
-9029
-15173
-8945
4133
11095
-13233
-6823
-718
-28443
2878
16493
-7214
11262
1632
-5619
10149
10536
16945
10712
15672
7524
-8434
15480
9400
-8936
-7626
-2896
-9947
-24429
4679
2154
-7098
18143
-1777
12394
15150
-19718
3105
3613
-6826
-9124
-7054
5756
-23458
-2641
16464
-11941
22021
14835
-17464
-286
-5615
1097
4237
-9891
9387
12014
-18111
-21736
9880
7786
-995
5804
20520
12346
-6344
-13367
-4649
1253
-22436
-6843
21745
-19320
-19160
14371
-759
8621
12874
-5181
8161
4339
-11820
-1207
13631
7368
634
14452
-2784
-15461
8049
-6121
-2945
17476
-11935
-12623
5875
-9
-3332
-9692
4386
13116
-7996
-13063
-10562
-4514
815
-4305
687
2873
7024
6250
-5266
12062
23395
10387
5971
-4495
-8293
-296
-6572
-12438
-6469
-1567
-1463
-234
-995
5804
20520
12346
-6344
-13367
-4649
1253
-22436
-6843
21745
-19320
-19160
14371
-759
8019
-6144
-26379
24593
8301
-18849
10569
-9456
7963
21467
-7337
8246
17434
17469
4394
-6752
-12933
-22708
20008
19620
-5720
3675
-13779
3174
13692
-4860
6721
10854
4968
-7962
6815
12295
-13166
-5072
-20468
-14901
11323
-13935
-12435
-8525
-7964
-3920
-14404
13115
7938
-15402
-5641
-18979
-15807
850
3845
10632
9086
11725
7514
-2150
9298
5520
-7974
7730
4146
-7844
2558
-3521
7418
-6144
-26379
24593
8301
-18849
10569
-9456
7963
21467
-7337
8246
17434
17469
4394
-6752
2038
17902
9177
-26578
-20207
16622
6290
125
5840
-9834
1677
14524
-198
11484
19826
-5297
-7185
-9265
-32459
-13316
9319
-6092
-7603
-5636
-7525
2839
653
-9624
-8832
11071
14810
-6415
8855
15069
-5289
4879
-1799
-391
16190
-13809
-8715
13538
-3769
7251
6643
-7361
6761
-4551
-7185
11744
3196
-440
1190
-6636
5731
19457
-1098
-22373
-7678
3676
-9110
-15335
-4531
12754
17010
17902
9177
-26578
-20207
16622
6290
125
5840
-9834
1677
14524
-198
11484
19826
-5297
-4913
-12210
-2028
20179
12805
-11497
-15033
1480
8282
11696
835
-10999
14868
24680
9328
4078
-1437
-2424
-3543
9537
11545
-10533
-2073
-2233
1529
15800
-7712
6882
18720
-8749
-4528
-4409
5514
8163
-20434
-11957
-9091
-27263
-15480
13047
14708
-2059
16084
10204
-12837
14590
17051
3305
-1437
-22703
-18008
-8095
-3766
7762
8198
3677
-13026
-4397
11811
-23885
-20753
19135
2533
-10820
-2641
-12210
-2028
20179
12805
-11497
-15033
1480
8282
11696
835
-10999
14868
24680
9328
4078
2272
5585
17244
-1411
-5031
-16446
-11156
17184
-1951
5578
2231
-24186
9959
5544
-12638
2202
-14370
-3812
666
-24068
7806
20415
-9393
1599
7001
-5356
11763
16199
-4375
-5124
1804
-9959
-11729
4283
-2308
-14495
-3941
-4284
-13466
1561
10572
-5595
4267
12646
-10802
4219
12712
-15891
-2874
22177
19581
412
-4584
-873
-17429
8252
18864
-19498
-7465
-984
-532
16169
3580
7939
5981
5585
17244
-1411
-5031
-16446
-11156
17184
-1951
5578
2231
-24186
9959
5544
-12638
2202
-5146
-9142
-8819
-1379
-11937
6669
14025
221
5245
-9043
-5328
9885
-3722
-5164
-16862
-15673
8621
5157
10859
24834
24910
11072
342
15182
7440
-548
-983
-25199
-7527
10688
-15460
-6656
18913
-1408
-20404
1490
1427
-3669
16744
1064
-5246
6257
-7921
901
7785
-7179
-17081
-14456
8621
5210
-14442
-11034
-2906
5113
-8411
-13126
9802
-1249
-10444
5261
3461
10220
15202
5687
4077
-9142
-8819
-1379
-11937
6669
14025
221
5245
-9043
-5328
9885
-3722
-5164
-16862
-15673
-3710
-6721
11205
-16174
-14526
12006
9110
-2108
-19881
-21549
-1636
9511
3339
2041
6442
-4895
5747
13363
-5676
14612
24187
-4540
-7911
-7511
-13970
-4237
7195
3772
1751
20107
25688
4035
-9826
-4127
9029
7402
-8671
-6797
-2496
-12809
-5985
4020
3078
1876
-8595
-7715
163
-1
-2874
-8669
3381
-308
-6740
15689
-1784
-8335
16843
-1230
-15085
-7804
9251
21344
5269
-4261
-16040
-6721
11205
-16174
-14526
12006
9110
-2108
-19881
-21549
-1636
9511
3339
2041
6442
-4895
5631
-312
-4892
-3026
286
-1350
-4102
-369
5912
-10207
-7139
16198
-4670
5854
26859
3395
11495
13751
681
9449
13671
5537
4197
10320
-16916
1143
35131
-17896
-19083
3467
-5204
13971
-11263
-17579
9604
9939
11906
-19332
-27369
2403
5582
4734
-601
-5607
-10194
-10652
2944
11174
0
-16811
-2725
-14783
-25865
22361
15079
-12648
-329
9021
15920
-10535
-12039
10368
-12408
-11991
5514
-312
-4892
-3026
286
-1350
-4102
-369
5912
-10207
-7139
16198
-4670
5854
26859
3395
10893
-11737
-403
18818
7062
-11652
-16896
-15491
-5492
-5535
-5121
9271
16694
7924
-12339
-1944
17243
-7953
-13023
-754
-16476
-11219
-6327
-9239
5347
-4127
861
12395
-5288
7710
5608
-1305
15573
-9706
5051
26607
-6570
5199
-427
-19767
-3130
-12566
-2106
305
-27697
-9011
13765
5490
-2874
-6205
-16013
3453
33225
4636
4023
11317
-25466
10447
30750
-6463
10542
7804
-10403
13283
10291
-11737
-403
18818
7062
-11652
-16896
-15491
-5492
-5535
-5121
9271
16694
7924
-12339
-1944
8738
-20223
-20827
3221
-8246
-303
2577
-10586
7019
12758
11189
9917
-7043
-11184
11404
27121
-5748
-15352
7645
-3429
3511
3865
-11359
8657
8684
-2627
1189
2347
49
1532
12524
-6441
-20351
-5323
-8180
-3673
-2757
-13832
-16606
-9956
7349
146
8921
17811
-21205
-10708
16792
-168
-2874
4094
2721
-6202
1743
11634
-1382
21137
28676
-4598
8834
11124
-12039
4128
-2459
-14904
233
-20223
-20827
3221
-8246
-303
2577
-10586
7019
12758
11189
9917
-7043
-11184
11404
27121
7068
11165
1164
-9265
-4620
6446
-625
16420
28585
10358
4181
3599
-778
12851
19497
-4421
1436
9327
-22926
-10900
7670
-4854
7982
15623
7440
-10382
-19762
-10731
-13150
-759
-1525
-12335
3107
-4491
-893
7408
-10941
-2955
5560
8688
5901
-5291
11016
88
-16467
2124
-1407
1144
4310
-12738
-12531
-26806
-15102
27723
2641
-12135
9802
-10841
-6235
10719
-4095
-4698
-9136
-98
19884
11165
1164
-9265
-4620
6446
-625
16420
28585
10358
4181
3599
-778
12851
19497
-4421
2038
-10227
9223
6056
-20651
-15125
6695
-3624
-4916
1401
-7608
14988
12176
-273
16917
-257
10058
15183
-6404
23314
5103
-19029
6487
-9148
-10994
-869
4397
16646
-12414
-11587
6086
-8902
8855
10135
-6980
5261
-3532
-1751
5514
-16817
4915
20097
-25113
-28769
509
-4128
-6573
2458
-10059
-5100
18733
-10823
-21157
18399
2611
-14176
-503
-6238
2254
13967
16971
9103
-3252
9818
2640
-10227
9223
6056
-20651
-15125
6695
-3624
-4916
1401
-7608
14988
12176
-273
16917
-257
-2273
10219
27339
1744
-15176
-3048
951
5112
-1519
-4332
12701
347
-17341
-229
20004
12670
2873
11329
1256
-522
13693
-6949
-8487
11521
2215
7371
16496
11179
15309
-9246
-21177
13946
3107
-13805
8034
-6359
-16643
5096
16844
10871
-9978
-5724
3253
-5215
-601
-8597
-12160
1243
-2874
-10158
-2144
9455
-4868
-11279
-1181
-19456
-13712
6491
2035
4229
-8865
-13129
5202
-4790
-14603
10219
27339
1744
-15176
-3048
951
5112
-1519
-4332
12701
347
-17341
-229
20004
12670
601
30315
10643
-8459
15801
7248
-763
-4112
4301
3141
-14828
13370
7780
-3390
21836
-9973
-22992
-546
4250
9000
-5198
-10127
-12714
-17877
-1777
1487
425
-5883
-7557
4811
1110
8565
4544
-10936
12131
14937
-3608
-6211
-19418
-10866
10068
2784
4460
2360
-9464
-3316
-745
7149
-8622
-34686
4793
19826
-6996
3238
4442
585
4650
-6424
1115
18481
-2257
-23378
6248
8871
-1671
30315
10643
-8459
15801
7248
-763
-4112
4301
3141
-14828
13370
7780
-3390
21836
-9973
-11380
-16323
-16246
13344
-2779
-16964
-3452
2229
20475
21597
-12889
-7225
4890
-11985
611
15446
7184
-10043
-23701
-13783
-4946
1221
3107
-2362
16741
18926
-2139
7697
12785
5879
12017
-4220
-11729
9367
612
-8221
-589
-5296
6453
13641
2515
-89
692
-35
-10639
-6289
8319
8377
15806
8344
-5665
-12729
-14680
9324
3005
-8018
6250
-4030
1851
-6806
-18534
19345
4423
-20335
233
-16323
-16246
13344
-2779
-16964
-3452
2229
20475
21597
-12889
-7225
4890
-11985
611
15446
-7302
10071
13881
-7299
-14466
-17358
5006
11930
-13466
-7114
1283
-3361
17049
8697
744
16548
-4311
-3542
-1917
-21523
-7140
-10075
-4118
5389
-18846
-997
19229
4340
4957
16499
4753
-14479
-4078
-6280
-1673
18950
1286
9807
22403
1465
10591
14082
1551
14104
21502
-5785
-5188
20408
-10059
-14359
11015
-11080
-14169
-1419
2776
-9747
-18516
8136
-8886
-10393
25465
-371
-14885
-15261
-21788
10071
13881
-7299
-14466
-17358
5006
11930
-13466
-7114
1283
-3361
17049
8697
744
16548
-10176
-6177
8421
4490
6776
-268
9643
26222
-6353
-10208
12482
6237
-3892
-4058
4823
-6822
-5748
19177
14699
7335
10000
-192
-17088
-6295
-5492
-27327
-465
3660
1514
22742
-12431
-8552
1670
-15710
3902
-16442
-7967
16304
-14750
-10567
3478
14663
11381
2087
26390
10672
-4578
4443
-2874
6446
16289
14608
-3063
-10252
-4862
-16244
-3130
-5254
-20731
2407
4726
-10566
-6743
-6574
-16040
-6177
8421
4490
6776
-268
9643
26222
-6353
-10208
12482
6237
-3892
-4058
4823
-6822
-4195
1005
-17240
12758
20011
-5647
-5043
-15068
-16669
1271
-7018
-17373
4700
-1323
-22109
6929
8621
-4986
14643
14833
14407
5536
-4407
16869
16668
-5519
-4855
11103
-1523
-2770
15326
-11940
-14603
-2514
-5471
23744
9569
-17515
-7933
-77
8047
-11943
-12514
8296
4269
13811
7862
-2866
8621
5101
-5113
1284
19237
6231
-12056
-5302
-8048
-2044
3077
-2510
-1701
-1694
-6132
-17697
-2641
1005
-17240
12758
20011
-5647
-5043
-15068
-16669
1271
-7018
-17373
4700
-1323
-22109
6929
